datetime,adj_close,close,high,low,open,volume,symbol,month
2025-09-01 03:45:00+00:00,2.200000047683716,2.200000047683716,2.2300000190734863,2.200000047683716,2.200000047683716,0,GLOBE,2025-09
2025-09-01 03:50:00+00:00,2.190000057220459,2.190000057220459,2.200000047683716,2.1600000858306885,2.1600000858306885,19701,GLOBE,2025-09
2025-09-01 03:55:00+00:00,2.200000047683716,2.200000047683716,2.2100000381469727,2.190000057220459,2.200000047683716,32801,GLOBE,2025-09
2025-09-01 04:00:00+00:00,2.2100000381469727,2.2100000381469727,2.2100000381469727,2.200000047683716,2.200000047683716,2344,GLOBE,2025-09
2025-09-01 04:05:00+00:00,2.200000047683716,2.200000047683716,2.2100000381469727,2.200000047683716,2.2100000381469727,5156,GLOBE,2025-09
2025-09-01 04:10:00+00:00,2.200000047683716,2.200000047683716,2.200000047683716,2.190000057220459,2.200000047683716,8013,GLOBE,2025-09
2025-09-01 04:15:00+00:00,2.200000047683716,2.200000047683716,2.200000047683716,2.200000047683716,2.200000047683716,0,GLOBE,2025-09
2025-09-01 04:20:00+00:00,2.190000057220459,2.190000057220459,2.200000047683716,2.190000057220459,2.200000047683716,6909,GLOBE,2025-09
2025-09-01 04:25:00+00:00,2.190000057220459,2.190000057220459,2.200000047683716,2.1700000762939453,2.200000047683716,39506,GLOBE,2025-09
2025-09-01 04:30:00+00:00,2.190000057220459,2.190000057220459,2.200000047683716,2.190000057220459,2.200000047683716,0,GLOBE,2025-09
2025-09-01 04:35:00+00:00,2.200000047683716,2.200000047683716,2.200000047683716,2.190000057220459,2.200000047683716,10160,GLOBE,2025-09
2025-09-01 04:40:00+00:00,2.180000066757202,2.180000066757202,2.190000057220459,2.180000066757202,2.190000057220459,207,GLOBE,2025-09
2025-09-01 04:45:00+00:00,2.200000047683716,2.200000047683716,2.200000047683716,2.200000047683716,2.200000047683716,36,GLOBE,2025-09
2025-09-01 04:50:00+00:00,2.200000047683716,2.200000047683716,2.200000047683716,2.200000047683716,2.200000047683716,0,GLOBE,2025-09
2025-09-01 04:55:00+00:00,2.180000066757202,2.180000066757202,2.200000047683716,2.180000066757202,2.200000047683716,1194,GLOBE,2025-09
2025-09-01 05:00:00+00:00,2.180000066757202,2.180000066757202,2.180000066757202,2.1700000762939453,2.180000066757202,20648,GLOBE,2025-09
2025-09-01 05:05:00+00:00,2.180000066757202,2.180000066757202,2.180000066757202,2.1700000762939453,2.180000066757202,756,GLOBE,2025-09
2025-09-01 05:10:00+00:00,2.190000057220459,2.190000057220459,2.190000057220459,2.180000066757202,2.180000066757202,9573,GLOBE,2025-09
2025-09-01 05:15:00+00:00,2.180000066757202,2.180000066757202,2.180000066757202,2.180000066757202,2.180000066757202,4380,GLOBE,2025-09
2025-09-01 05:20:00+00:00,2.180000066757202,2.180000066757202,2.190000057220459,2.180000066757202,2.190000057220459,9345,GLOBE,2025-09
2025-09-01 05:25:00+00:00,2.180000066757202,2.180000066757202,2.180000066757202,2.180000066757202,2.180000066757202,0,GLOBE,2025-09
2025-09-01 05:30:00+00:00,2.180000066757202,2.180000066757202,2.180000066757202,2.1700000762939453,2.180000066757202,1413,GLOBE,2025-09
2025-09-01 05:35:00+00:00,2.180000066757202,2.180000066757202,2.180000066757202,2.180000066757202,2.180000066757202,779,GLOBE,2025-09
2025-09-01 05:40:00+00:00,2.180000066757202,2.180000066757202,2.180000066757202,2.180000066757202,2.180000066757202,1116,GLOBE,2025-09
2025-09-01 05:45:00+00:00,2.180000066757202,2.180000066757202,2.180000066757202,2.1700000762939453,2.180000066757202,10279,GLOBE,2025-09
2025-09-01 05:50:00+00:00,2.180000066757202,2.180000066757202,2.180000066757202,2.180000066757202,2.180000066757202,126,GLOBE,2025-09
2025-09-01 06:05:00+00:00,2.180000066757202,2.180000066757202,2.180000066757202,2.1700000762939453,2.1700000762939453,2666,GLOBE,2025-09
2025-09-01 06:10:00+00:00,2.180000066757202,2.180000066757202,2.180000066757202,2.180000066757202,2.180000066757202,587,GLOBE,2025-09
2025-09-01 06:20:00+00:00,2.190000057220459,2.190000057220459,2.190000057220459,2.1700000762939453,2.1700000762939453,8611,GLOBE,2025-09
2025-09-01 06:25:00+00:00,2.180000066757202,2.180000066757202,2.190000057220459,2.180000066757202,2.190000057220459,162,GLOBE,2025-09
2025-09-01 06:30:00+00:00,2.190000057220459,2.190000057220459,2.190000057220459,2.180000066757202,2.180000066757202,684,GLOBE,2025-09
2025-09-01 06:35:00+00:00,2.1700000762939453,2.1700000762939453,2.180000066757202,2.1700000762939453,2.180000066757202,74,GLOBE,2025-09
2025-09-01 06:40:00+00:00,2.180000066757202,2.180000066757202,2.180000066757202,2.180000066757202,2.180000066757202,447,GLOBE,2025-09
2025-09-01 06:45:00+00:00,2.180000066757202,2.180000066757202,2.180000066757202,2.180000066757202,2.180000066757202,2505,GLOBE,2025-09
2025-09-01 06:50:00+00:00,2.180000066757202,2.180000066757202,2.180000066757202,2.180000066757202,2.180000066757202,976,GLOBE,2025-09
2025-09-01 06:55:00+00:00,2.1700000762939453,2.1700000762939453,2.180000066757202,2.1700000762939453,2.180000066757202,52,GLOBE,2025-09
2025-09-01 07:00:00+00:00,2.1700000762939453,2.1700000762939453,2.180000066757202,2.1700000762939453,2.180000066757202,0,GLOBE,2025-09
2025-09-01 07:05:00+00:00,2.180000066757202,2.180000066757202,2.180000066757202,2.1700000762939453,2.1700000762939453,4503,GLOBE,2025-09
2025-09-01 07:10:00+00:00,2.180000066757202,2.180000066757202,2.180000066757202,2.180000066757202,2.180000066757202,0,GLOBE,2025-09
2025-09-01 07:15:00+00:00,2.180000066757202,2.180000066757202,2.180000066757202,2.1700000762939453,2.180000066757202,26322,GLOBE,2025-09
2025-09-01 07:20:00+00:00,2.180000066757202,2.180000066757202,2.180000066757202,2.1700000762939453,2.1700000762939453,0,GLOBE,2025-09
2025-09-01 07:25:00+00:00,2.180000066757202,2.180000066757202,2.180000066757202,2.180000066757202,2.180000066757202,205,GLOBE,2025-09
2025-09-01 07:30:00+00:00,2.180000066757202,2.180000066757202,2.180000066757202,2.180000066757202,2.180000066757202,0,GLOBE,2025-09
2025-09-01 07:40:00+00:00,2.180000066757202,2.180000066757202,2.180000066757202,2.180000066757202,2.180000066757202,10561,GLOBE,2025-09
2025-09-01 07:45:00+00:00,2.180000066757202,2.180000066757202,2.180000066757202,2.180000066757202,2.180000066757202,0,GLOBE,2025-09
2025-09-01 07:50:00+00:00,2.180000066757202,2.180000066757202,2.180000066757202,2.1700000762939453,2.180000066757202,10769,GLOBE,2025-09
2025-09-01 08:00:00+00:00,2.180000066757202,2.180000066757202,2.180000066757202,2.1700000762939453,2.180000066757202,2243,GLOBE,2025-09
2025-09-01 08:05:00+00:00,2.180000066757202,2.180000066757202,2.180000066757202,2.1700000762939453,2.180000066757202,0,GLOBE,2025-09
2025-09-01 08:10:00+00:00,2.1700000762939453,2.1700000762939453,2.180000066757202,2.1700000762939453,2.180000066757202,22289,GLOBE,2025-09
2025-09-01 08:20:00+00:00,2.180000066757202,2.180000066757202,2.180000066757202,2.180000066757202,2.180000066757202,3237,GLOBE,2025-09
2025-09-01 08:25:00+00:00,2.190000057220459,2.190000057220459,2.190000057220459,2.1700000762939453,2.180000066757202,69712,GLOBE,2025-09
2025-09-01 08:30:00+00:00,2.190000057220459,2.190000057220459,2.190000057220459,2.180000066757202,2.180000066757202,7704,GLOBE,2025-09
2025-09-01 08:35:00+00:00,2.190000057220459,2.190000057220459,2.190000057220459,2.1700000762939453,2.190000057220459,20432,GLOBE,2025-09
2025-09-01 08:40:00+00:00,2.1700000762939453,2.1700000762939453,2.190000057220459,2.1700000762939453,2.190000057220459,15037,GLOBE,2025-09
2025-09-01 08:45:00+00:00,2.190000057220459,2.190000057220459,2.190000057220459,2.1700000762939453,2.190000057220459,0,GLOBE,2025-09
2025-09-01 08:55:00+00:00,2.190000057220459,2.190000057220459,2.190000057220459,2.190000057220459,2.190000057220459,6224,GLOBE,2025-09
2025-09-01 09:00:00+00:00,2.190000057220459,2.190000057220459,2.190000057220459,2.180000066757202,2.190000057220459,0,GLOBE,2025-09
2025-09-01 09:05:00+00:00,2.190000057220459,2.190000057220459,2.190000057220459,2.190000057220459,2.190000057220459,4391,GLOBE,2025-09
2025-09-01 09:10:00+00:00,2.180000066757202,2.180000066757202,2.190000057220459,2.180000066757202,2.180000066757202,965,GLOBE,2025-09
2025-09-01 09:15:00+00:00,2.190000057220459,2.190000057220459,2.190000057220459,2.180000066757202,2.180000066757202,3393,GLOBE,2025-09
2025-09-01 09:20:00+00:00,2.190000057220459,2.190000057220459,2.190000057220459,2.190000057220459,2.190000057220459,84,GLOBE,2025-09
2025-09-01 09:25:00+00:00,2.190000057220459,2.190000057220459,2.190000057220459,2.190000057220459,2.190000057220459,1425,GLOBE,2025-09
2025-09-01 09:30:00+00:00,2.180000066757202,2.180000066757202,2.190000057220459,2.180000066757202,2.190000057220459,3101,GLOBE,2025-09
2025-09-01 09:35:00+00:00,2.180000066757202,2.180000066757202,2.190000057220459,2.180000066757202,2.190000057220459,186,GLOBE,2025-09
2025-09-01 09:40:00+00:00,2.190000057220459,2.190000057220459,2.190000057220459,2.180000066757202,2.180000066757202,6,GLOBE,2025-09
2025-09-01 09:45:00+00:00,2.190000057220459,2.190000057220459,2.190000057220459,2.190000057220459,2.190000057220459,52,GLOBE,2025-09
2025-09-01 09:50:00+00:00,2.180000066757202,2.180000066757202,2.190000057220459,2.180000066757202,2.190000057220459,44261,GLOBE,2025-09
2025-09-01 09:55:00+00:00,2.190000057220459,2.190000057220459,2.2100000381469727,2.190000057220459,2.200000047683716,20731,GLOBE,2025-09
2025-09-02 03:45:00+00:00,2.200000047683716,2.200000047683716,2.200000047683716,2.200000047683716,2.200000047683716,0,GLOBE,2025-09
2025-09-02 03:50:00+00:00,2.190000057220459,2.190000057220459,2.220000028610229,2.190000057220459,2.220000028610229,1332,GLOBE,2025-09
2025-09-02 03:55:00+00:00,2.190000057220459,2.190000057220459,2.2100000381469727,2.190000057220459,2.200000047683716,17365,GLOBE,2025-09
2025-09-02 04:00:00+00:00,2.190000057220459,2.190000057220459,2.2100000381469727,2.190000057220459,2.2100000381469727,0,GLOBE,2025-09
2025-09-02 04:05:00+00:00,2.190000057220459,2.190000057220459,2.200000047683716,2.190000057220459,2.200000047683716,7895,GLOBE,2025-09
2025-09-02 04:10:00+00:00,2.200000047683716,2.200000047683716,2.200000047683716,2.200000047683716,2.200000047683716,3713,GLOBE,2025-09
2025-09-02 04:15:00+00:00,2.2100000381469727,2.2100000381469727,2.2100000381469727,2.200000047683716,2.200000047683716,1114,GLOBE,2025-09
2025-09-02 04:20:00+00:00,2.200000047683716,2.200000047683716,2.2100000381469727,2.190000057220459,2.2100000381469727,29294,GLOBE,2025-09
2025-09-02 04:25:00+00:00,2.200000047683716,2.200000047683716,2.200000047683716,2.190000057220459,2.200000047683716,12584,GLOBE,2025-09
2025-09-02 04:30:00+00:00,2.180000066757202,2.180000066757202,2.200000047683716,2.180000066757202,2.180000066757202,16333,GLOBE,2025-09
2025-09-02 04:35:00+00:00,2.200000047683716,2.200000047683716,2.200000047683716,2.200000047683716,2.200000047683716,1089,GLOBE,2025-09
2025-09-02 04:40:00+00:00,2.200000047683716,2.200000047683716,2.200000047683716,2.200000047683716,2.200000047683716,63,GLOBE,2025-09
2025-09-02 04:45:00+00:00,2.200000047683716,2.200000047683716,2.200000047683716,2.180000066757202,2.180000066757202,894,GLOBE,2025-09
2025-09-02 04:50:00+00:00,2.200000047683716,2.200000047683716,2.200000047683716,2.1700000762939453,2.1700000762939453,26742,GLOBE,2025-09
2025-09-02 04:55:00+00:00,2.190000057220459,2.190000057220459,2.200000047683716,2.190000057220459,2.200000047683716,1044,GLOBE,2025-09
2025-09-02 05:00:00+00:00,2.200000047683716,2.200000047683716,2.200000047683716,2.190000057220459,2.200000047683716,3131,GLOBE,2025-09
2025-09-02 05:05:00+00:00,2.200000047683716,2.200000047683716,2.200000047683716,2.200000047683716,2.200000047683716,3001,GLOBE,2025-09
2025-09-02 05:10:00+00:00,2.180000066757202,2.180000066757202,2.200000047683716,2.180000066757202,2.200000047683716,1485,GLOBE,2025-09
2025-09-02 05:15:00+00:00,2.180000066757202,2.180000066757202,2.180000066757202,2.180000066757202,2.180000066757202,19499,GLOBE,2025-09
2025-09-02 05:20:00+00:00,2.190000057220459,2.190000057220459,2.200000047683716,2.1700000762939453,2.200000047683716,1331,GLOBE,2025-09
2025-09-02 05:25:00+00:00,2.180000066757202,2.180000066757202,2.190000057220459,2.1700000762939453,2.190000057220459,71042,GLOBE,2025-09
2025-09-02 05:30:00+00:00,2.180000066757202,2.180000066757202,2.180000066757202,2.180000066757202,2.180000066757202,239,GLOBE,2025-09
2025-09-02 05:35:00+00:00,2.180000066757202,2.180000066757202,2.180000066757202,2.180000066757202,2.180000066757202,0,GLOBE,2025-09
2025-09-02 05:40:00+00:00,2.1600000858306885,2.1600000858306885,2.1600000858306885,2.1600000858306885,2.1600000858306885,389,GLOBE,2025-09
2025-09-02 05:45:00+00:00,2.1600000858306885,2.1600000858306885,2.180000066757202,2.1600000858306885,2.180000066757202,6228,GLOBE,2025-09
2025-09-02 05:50:00+00:00,2.180000066757202,2.180000066757202,2.180000066757202,2.180000066757202,2.180000066757202,251,GLOBE,2025-09
2025-09-02 05:55:00+00:00,2.180000066757202,2.180000066757202,2.180000066757202,2.180000066757202,2.180000066757202,0,GLOBE,2025-09
2025-09-02 06:00:00+00:00,2.180000066757202,2.180000066757202,2.180000066757202,2.180000066757202,2.180000066757202,11412,GLOBE,2025-09
2025-09-02 06:05:00+00:00,2.180000066757202,2.180000066757202,2.180000066757202,2.180000066757202,2.180000066757202,1530,GLOBE,2025-09
2025-09-02 06:10:00+00:00,2.180000066757202,2.180000066757202,2.180000066757202,2.180000066757202,2.180000066757202,7449,GLOBE,2025-09
2025-09-02 06:15:00+00:00,2.180000066757202,2.180000066757202,2.190000057220459,2.1700000762939453,2.1700000762939453,12892,GLOBE,2025-09
2025-09-02 06:20:00+00:00,2.190000057220459,2.190000057220459,2.200000047683716,2.180000066757202,2.190000057220459,39465,GLOBE,2025-09
2025-09-02 06:25:00+00:00,2.190000057220459,2.190000057220459,2.190000057220459,2.190000057220459,2.190000057220459,0,GLOBE,2025-09
2025-09-02 06:30:00+00:00,2.180000066757202,2.180000066757202,2.190000057220459,2.180000066757202,2.190000057220459,493,GLOBE,2025-09
2025-09-02 06:35:00+00:00,2.190000057220459,2.190000057220459,2.190000057220459,2.180000066757202,2.190000057220459,43,GLOBE,2025-09
2025-09-02 06:40:00+00:00,2.190000057220459,2.190000057220459,2.190000057220459,2.190000057220459,2.190000057220459,753,GLOBE,2025-09
2025-09-02 06:45:00+00:00,2.190000057220459,2.190000057220459,2.190000057220459,2.190000057220459,2.190000057220459,187,GLOBE,2025-09
2025-09-02 06:50:00+00:00,2.190000057220459,2.190000057220459,2.190000057220459,2.190000057220459,2.190000057220459,13400,GLOBE,2025-09
2025-09-02 06:55:00+00:00,2.190000057220459,2.190000057220459,2.190000057220459,2.190000057220459,2.190000057220459,0,GLOBE,2025-09
2025-09-02 07:00:00+00:00,2.190000057220459,2.190000057220459,2.190000057220459,2.180000066757202,2.180000066757202,4553,GLOBE,2025-09
2025-09-02 07:05:00+00:00,2.200000047683716,2.200000047683716,2.200000047683716,2.200000047683716,2.200000047683716,320,GLOBE,2025-09
2025-09-02 07:10:00+00:00,2.200000047683716,2.200000047683716,2.200000047683716,2.190000057220459,2.200000047683716,250,GLOBE,2025-09
2025-09-02 07:15:00+00:00,2.200000047683716,2.200000047683716,2.200000047683716,2.190000057220459,2.200000047683716,41586,GLOBE,2025-09
2025-09-02 07:20:00+00:00,2.200000047683716,2.200000047683716,2.200000047683716,2.200000047683716,2.200000047683716,0,GLOBE,2025-09
2025-09-02 07:25:00+00:00,2.200000047683716,2.200000047683716,2.200000047683716,2.200000047683716,2.200000047683716,3588,GLOBE,2025-09
2025-09-02 07:30:00+00:00,2.190000057220459,2.190000057220459,2.190000057220459,2.190000057220459,2.190000057220459,113,GLOBE,2025-09
2025-09-02 07:35:00+00:00,2.200000047683716,2.200000047683716,2.200000047683716,2.190000057220459,2.200000047683716,4220,GLOBE,2025-09
2025-09-02 07:40:00+00:00,2.200000047683716,2.200000047683716,2.200000047683716,2.190000057220459,2.190000057220459,1778,GLOBE,2025-09
2025-09-02 07:45:00+00:00,2.200000047683716,2.200000047683716,2.200000047683716,2.200000047683716,2.200000047683716,25,GLOBE,2025-09
2025-09-02 07:50:00+00:00,2.200000047683716,2.200000047683716,2.200000047683716,2.200000047683716,2.200000047683716,184,GLOBE,2025-09
2025-09-02 07:55:00+00:00,2.190000057220459,2.190000057220459,2.200000047683716,2.190000057220459,2.200000047683716,264,GLOBE,2025-09
2025-09-02 08:00:00+00:00,2.180000066757202,2.180000066757202,2.200000047683716,2.180000066757202,2.200000047683716,11034,GLOBE,2025-09
2025-09-02 08:05:00+00:00,2.190000057220459,2.190000057220459,2.190000057220459,2.190000057220459,2.190000057220459,0,GLOBE,2025-09
2025-09-02 08:10:00+00:00,2.1700000762939453,2.1700000762939453,2.190000057220459,2.1700000762939453,2.190000057220459,5744,GLOBE,2025-09
2025-09-02 08:15:00+00:00,2.1700000762939453,2.1700000762939453,2.190000057220459,2.1700000762939453,2.180000066757202,5634,GLOBE,2025-09
2025-09-02 08:20:00+00:00,2.180000066757202,2.180000066757202,2.180000066757202,2.180000066757202,2.180000066757202,3990,GLOBE,2025-09
2025-09-02 08:25:00+00:00,2.190000057220459,2.190000057220459,2.190000057220459,2.1700000762939453,2.190000057220459,1970,GLOBE,2025-09
2025-09-02 08:35:00+00:00,2.190000057220459,2.190000057220459,2.190000057220459,2.190000057220459,2.190000057220459,0,GLOBE,2025-09
2025-09-02 08:40:00+00:00,2.180000066757202,2.180000066757202,2.180000066757202,2.1700000762939453,2.1700000762939453,21998,GLOBE,2025-09
2025-09-02 08:45:00+00:00,2.1700000762939453,2.1700000762939453,2.1700000762939453,2.1700000762939453,2.1700000762939453,0,GLOBE,2025-09
2025-09-02 08:50:00+00:00,2.180000066757202,2.180000066757202,2.180000066757202,2.180000066757202,2.180000066757202,0,GLOBE,2025-09
2025-09-02 08:55:00+00:00,2.180000066757202,2.180000066757202,2.180000066757202,2.180000066757202,2.180000066757202,241,GLOBE,2025-09
2025-09-02 09:05:00+00:00,2.1700000762939453,2.1700000762939453,2.1700000762939453,2.1700000762939453,2.1700000762939453,499,GLOBE,2025-09
2025-09-02 09:10:00+00:00,2.1700000762939453,2.1700000762939453,2.1700000762939453,2.1600000858306885,2.1700000762939453,39877,GLOBE,2025-09
2025-09-02 09:15:00+00:00,2.1700000762939453,2.1700000762939453,2.1700000762939453,2.1700000762939453,2.1700000762939453,244,GLOBE,2025-09
2025-09-02 09:20:00+00:00,2.1700000762939453,2.1700000762939453,2.1700000762939453,2.1700000762939453,2.1700000762939453,2002,GLOBE,2025-09
2025-09-02 09:25:00+00:00,2.1600000858306885,2.1600000858306885,2.1600000858306885,2.1600000858306885,2.1600000858306885,2030,GLOBE,2025-09
2025-09-02 09:30:00+00:00,2.1700000762939453,2.1700000762939453,2.1700000762939453,2.1600000858306885,2.1700000762939453,1809,GLOBE,2025-09
2025-09-02 09:35:00+00:00,2.1600000858306885,2.1600000858306885,2.1600000858306885,2.1600000858306885,2.1600000858306885,1800,GLOBE,2025-09
2025-09-02 09:40:00+00:00,2.1700000762939453,2.1700000762939453,2.1700000762939453,2.1700000762939453,2.1700000762939453,0,GLOBE,2025-09
2025-09-02 09:45:00+00:00,2.1700000762939453,2.1700000762939453,2.1700000762939453,2.1700000762939453,2.1700000762939453,45881,GLOBE,2025-09
2025-09-02 09:50:00+00:00,2.180000066757202,2.180000066757202,2.180000066757202,2.1600000858306885,2.1700000762939453,0,GLOBE,2025-09
2025-09-02 09:55:00+00:00,2.1700000762939453,2.1700000762939453,2.180000066757202,2.1700000762939453,2.1700000762939453,0,GLOBE,2025-09
2025-09-03 03:45:00+00:00,2.150000095367432,2.150000095367432,2.1700000762939453,2.150000095367432,2.1600000858306885,6531,GLOBE,2025-09
2025-09-03 03:50:00+00:00,2.150000095367432,2.150000095367432,2.1600000858306885,2.150000095367432,2.150000095367432,3624,GLOBE,2025-09
2025-09-03 03:55:00+00:00,2.180000066757202,2.180000066757202,2.180000066757202,2.1700000762939453,2.1700000762939453,3912,GLOBE,2025-09
2025-09-03 04:00:00+00:00,2.180000066757202,2.180000066757202,2.180000066757202,2.180000066757202,2.180000066757202,0,GLOBE,2025-09
2025-09-03 04:05:00+00:00,2.190000057220459,2.190000057220459,2.190000057220459,2.1700000762939453,2.190000057220459,50740,GLOBE,2025-09
2025-09-03 04:10:00+00:00,2.1700000762939453,2.1700000762939453,2.190000057220459,2.1700000762939453,2.190000057220459,8326,GLOBE,2025-09
2025-09-03 04:15:00+00:00,2.190000057220459,2.190000057220459,2.190000057220459,2.190000057220459,2.190000057220459,0,GLOBE,2025-09
2025-09-03 04:20:00+00:00,2.190000057220459,2.190000057220459,2.190000057220459,2.1700000762939453,2.1700000762939453,498,GLOBE,2025-09
2025-09-03 04:25:00+00:00,2.1700000762939453,2.1700000762939453,2.190000057220459,2.1700000762939453,2.190000057220459,3329,GLOBE,2025-09
2025-09-03 04:30:00+00:00,2.180000066757202,2.180000066757202,2.180000066757202,2.1700000762939453,2.180000066757202,1192,GLOBE,2025-09
2025-09-03 04:35:00+00:00,2.180000066757202,2.180000066757202,2.180000066757202,2.180000066757202,2.180000066757202,0,GLOBE,2025-09
2025-09-03 04:40:00+00:00,2.1600000858306885,2.1600000858306885,2.180000066757202,2.150000095367432,2.180000066757202,26681,GLOBE,2025-09
2025-09-03 04:45:00+00:00,2.1600000858306885,2.1600000858306885,2.1600000858306885,2.1600000858306885,2.1600000858306885,3285,GLOBE,2025-09
2025-09-03 04:50:00+00:00,2.1600000858306885,2.1600000858306885,2.1600000858306885,2.1600000858306885,2.1600000858306885,836,GLOBE,2025-09
2025-09-03 04:55:00+00:00,2.1600000858306885,2.1600000858306885,2.1600000858306885,2.150000095367432,2.150000095367432,4107,GLOBE,2025-09
2025-09-03 05:00:00+00:00,2.1600000858306885,2.1600000858306885,2.1600000858306885,2.1600000858306885,2.1600000858306885,131,GLOBE,2025-09
2025-09-03 05:05:00+00:00,2.1600000858306885,2.1600000858306885,2.1600000858306885,2.140000104904175,2.1600000858306885,10311,GLOBE,2025-09
2025-09-03 05:10:00+00:00,2.140000104904175,2.140000104904175,2.140000104904175,2.140000104904175,2.140000104904175,1517,GLOBE,2025-09
2025-09-03 05:15:00+00:00,2.150000095367432,2.150000095367432,2.150000095367432,2.140000104904175,2.140000104904175,4074,GLOBE,2025-09
2025-09-03 05:20:00+00:00,2.150000095367432,2.150000095367432,2.150000095367432,2.140000104904175,2.150000095367432,4084,GLOBE,2025-09
2025-09-03 05:25:00+00:00,2.140000104904175,2.140000104904175,2.150000095367432,2.140000104904175,2.150000095367432,906,GLOBE,2025-09
2025-09-03 05:30:00+00:00,2.140000104904175,2.140000104904175,2.150000095367432,2.140000104904175,2.140000104904175,2412,GLOBE,2025-09
2025-09-03 05:35:00+00:00,2.150000095367432,2.150000095367432,2.150000095367432,2.140000104904175,2.150000095367432,0,GLOBE,2025-09
2025-09-03 05:40:00+00:00,2.140000104904175,2.140000104904175,2.140000104904175,2.140000104904175,2.140000104904175,118,GLOBE,2025-09
2025-09-03 05:45:00+00:00,2.150000095367432,2.150000095367432,2.150000095367432,2.140000104904175,2.140000104904175,12622,GLOBE,2025-09
2025-09-03 05:50:00+00:00,2.150000095367432,2.150000095367432,2.150000095367432,2.140000104904175,2.150000095367432,5864,GLOBE,2025-09
2025-09-03 05:55:00+00:00,2.150000095367432,2.150000095367432,2.150000095367432,2.150000095367432,2.150000095367432,271,GLOBE,2025-09
2025-09-03 06:00:00+00:00,2.1600000858306885,2.1600000858306885,2.1600000858306885,2.1600000858306885,2.1600000858306885,5,GLOBE,2025-09
2025-09-03 06:05:00+00:00,2.1600000858306885,2.1600000858306885,2.1600000858306885,2.1600000858306885,2.1600000858306885,95,GLOBE,2025-09
2025-09-03 06:10:00+00:00,2.1600000858306885,2.1600000858306885,2.1600000858306885,2.1600000858306885,2.1600000858306885,3000,GLOBE,2025-09
2025-09-03 06:15:00+00:00,2.1600000858306885,2.1600000858306885,2.1600000858306885,2.150000095367432,2.150000095367432,1202,GLOBE,2025-09
2025-09-03 06:20:00+00:00,2.150000095367432,2.150000095367432,2.1600000858306885,2.150000095367432,2.150000095367432,29244,GLOBE,2025-09
2025-09-03 06:25:00+00:00,2.150000095367432,2.150000095367432,2.150000095367432,2.150000095367432,2.150000095367432,74,GLOBE,2025-09
2025-09-03 06:30:00+00:00,2.1600000858306885,2.1600000858306885,2.1600000858306885,2.150000095367432,2.150000095367432,56862,GLOBE,2025-09
2025-09-03 06:40:00+00:00,2.1600000858306885,2.1600000858306885,2.1600000858306885,2.1600000858306885,2.1600000858306885,10636,GLOBE,2025-09
2025-09-03 06:45:00+00:00,2.150000095367432,2.150000095367432,2.1600000858306885,2.150000095367432,2.1600000858306885,13400,GLOBE,2025-09
2025-09-03 06:50:00+00:00,2.1600000858306885,2.1600000858306885,2.1600000858306885,2.1600000858306885,2.1600000858306885,0,GLOBE,2025-09
2025-09-03 06:55:00+00:00,2.1600000858306885,2.1600000858306885,2.1700000762939453,2.1600000858306885,2.1600000858306885,109496,GLOBE,2025-09
2025-09-03 07:00:00+00:00,2.1600000858306885,2.1600000858306885,2.1600000858306885,2.1600000858306885,2.1600000858306885,0,GLOBE,2025-09
2025-09-03 07:05:00+00:00,2.200000047683716,2.200000047683716,2.2100000381469727,2.1700000762939453,2.2100000381469727,108418,GLOBE,2025-09
2025-09-03 07:10:00+00:00,2.2699999809265137,2.2699999809265137,2.2699999809265137,2.180000066757202,2.180000066757202,177142,GLOBE,2025-09
2025-09-03 07:15:00+00:00,2.2699999809265137,2.2699999809265137,2.2699999809265137,2.259999990463257,2.259999990463257,9369,GLOBE,2025-09
2025-09-03 07:20:00+00:00,2.25,2.25,2.2699999809265137,2.25,2.2699999809265137,10957,GLOBE,2025-09
2025-09-03 07:25:00+00:00,2.240000009536743,2.240000009536743,2.259999990463257,2.220000028610229,2.25,53299,GLOBE,2025-09
2025-09-03 07:30:00+00:00,2.2699999809265137,2.2699999809265137,2.289999961853028,2.240000009536743,2.240000009536743,137570,GLOBE,2025-09
2025-09-03 07:35:00+00:00,2.2699999809265137,2.2699999809265137,2.2799999713897705,2.259999990463257,2.2699999809265137,13514,GLOBE,2025-09
2025-09-03 07:40:00+00:00,2.2699999809265137,2.2699999809265137,2.2699999809265137,2.2699999809265137,2.2699999809265137,200,GLOBE,2025-09
2025-09-03 07:45:00+00:00,2.2699999809265137,2.2699999809265137,2.2699999809265137,2.2699999809265137,2.2699999809265137,4955,GLOBE,2025-09
2025-09-03 07:50:00+00:00,2.2799999713897705,2.2799999713897705,2.2799999713897705,2.2699999809265137,2.2699999809265137,22552,GLOBE,2025-09
2025-09-03 07:55:00+00:00,2.289999961853028,2.289999961853028,2.289999961853028,2.2699999809265137,2.2799999713897705,62648,GLOBE,2025-09
2025-09-03 08:00:00+00:00,2.289999961853028,2.289999961853028,2.289999961853028,2.2799999713897705,2.289999961853028,48606,GLOBE,2025-09
2025-09-03 08:05:00+00:00,2.289999961853028,2.289999961853028,2.289999961853028,2.2799999713897705,2.2799999713897705,208653,GLOBE,2025-09
2025-09-03 08:10:00+00:00,2.2799999713897705,2.2799999713897705,2.289999961853028,2.2799999713897705,2.2799999713897705,35998,GLOBE,2025-09
2025-09-03 08:15:00+00:00,2.289999961853028,2.289999961853028,2.289999961853028,2.2699999809265137,2.2799999713897705,30071,GLOBE,2025-09
2025-09-03 08:20:00+00:00,2.2699999809265137,2.2699999809265137,2.289999961853028,2.2699999809265137,2.2699999809265137,774,GLOBE,2025-09
2025-09-03 08:25:00+00:00,2.2699999809265137,2.2699999809265137,2.289999961853028,2.2699999809265137,2.2699999809265137,9498,GLOBE,2025-09
2025-09-03 08:30:00+00:00,2.2699999809265137,2.2699999809265137,2.289999961853028,2.2699999809265137,2.289999961853028,95376,GLOBE,2025-09
2025-09-03 08:35:00+00:00,2.289999961853028,2.289999961853028,2.289999961853028,2.289999961853028,2.289999961853028,19457,GLOBE,2025-09
2025-09-03 08:40:00+00:00,2.289999961853028,2.289999961853028,2.289999961853028,2.289999961853028,2.289999961853028,61601,GLOBE,2025-09
2025-09-03 08:45:00+00:00,2.289999961853028,2.289999961853028,2.289999961853028,2.289999961853028,2.289999961853028,38066,GLOBE,2025-09
2025-09-03 08:50:00+00:00,2.2799999713897705,2.2799999713897705,2.289999961853028,2.2699999809265137,2.289999961853028,0,GLOBE,2025-09
2025-09-03 08:55:00+00:00,2.289999961853028,2.289999961853028,2.289999961853028,2.2699999809265137,2.2699999809265137,45522,GLOBE,2025-09
2025-09-03 09:00:00+00:00,2.2699999809265137,2.2699999809265137,2.289999961853028,2.2699999809265137,2.2699999809265137,18850,GLOBE,2025-09
2025-09-03 09:05:00+00:00,2.25,2.25,2.289999961853028,2.25,2.2799999713897705,85105,GLOBE,2025-09
2025-09-03 09:10:00+00:00,2.2699999809265137,2.2699999809265137,2.2799999713897705,2.259999990463257,2.259999990463257,0,GLOBE,2025-09
2025-09-03 09:15:00+00:00,2.2799999713897705,2.2799999713897705,2.2799999713897705,2.2799999713897705,2.2799999713897705,6006,GLOBE,2025-09
2025-09-03 09:20:00+00:00,2.289999961853028,2.289999961853028,2.289999961853028,2.2799999713897705,2.2799999713897705,27992,GLOBE,2025-09
2025-09-03 09:25:00+00:00,2.2699999809265137,2.2699999809265137,2.289999961853028,2.2699999809265137,2.289999961853028,48696,GLOBE,2025-09
2025-09-03 09:30:00+00:00,2.289999961853028,2.289999961853028,2.289999961853028,2.2799999713897705,2.289999961853028,151902,GLOBE,2025-09
2025-09-03 09:35:00+00:00,2.289999961853028,2.289999961853028,2.289999961853028,2.2699999809265137,2.2699999809265137,7711,GLOBE,2025-09
2025-09-03 09:40:00+00:00,2.289999961853028,2.289999961853028,2.289999961853028,2.2799999713897705,2.2799999713897705,21029,GLOBE,2025-09
2025-09-03 09:45:00+00:00,2.2799999713897705,2.2799999713897705,2.289999961853028,2.2799999713897705,2.289999961853028,194807,GLOBE,2025-09
2025-09-03 09:50:00+00:00,2.2799999713897705,2.2799999713897705,2.289999961853028,2.2799999713897705,2.289999961853028,112749,GLOBE,2025-09
2025-09-03 09:55:00+00:00,2.289999961853028,2.289999961853028,2.289999961853028,2.2799999713897705,2.289999961853028,76787,GLOBE,2025-09
2025-09-04 03:45:00+00:00,2.289999961853028,2.289999961853028,2.309999942779541,2.289999961853028,2.299999952316284,0,GLOBE,2025-09
2025-09-04 03:50:00+00:00,2.289999961853028,2.289999961853028,2.289999961853028,2.2699999809265137,2.289999961853028,23815,GLOBE,2025-09
2025-09-04 03:55:00+00:00,2.299999952316284,2.299999952316284,2.299999952316284,2.289999961853028,2.289999961853028,51145,GLOBE,2025-09
2025-09-04 04:00:00+00:00,2.319999933242798,2.319999933242798,2.3399999141693115,2.309999942779541,2.309999942779541,13417,GLOBE,2025-09
2025-09-04 04:05:00+00:00,2.319999933242798,2.319999933242798,2.3399999141693115,2.319999933242798,2.319999933242798,3643,GLOBE,2025-09
2025-09-04 04:10:00+00:00,2.3399999141693115,2.3399999141693115,2.3399999141693115,2.319999933242798,2.3399999141693115,7362,GLOBE,2025-09
2025-09-04 04:15:00+00:00,2.3299999237060547,2.3299999237060547,2.3399999141693115,2.3299999237060547,2.3299999237060547,22121,GLOBE,2025-09
2025-09-04 04:20:00+00:00,2.309999942779541,2.309999942779541,2.319999933242798,2.299999952316284,2.299999952316284,46076,GLOBE,2025-09
2025-09-04 04:25:00+00:00,2.309999942779541,2.309999942779541,2.309999942779541,2.309999942779541,2.309999942779541,3206,GLOBE,2025-09
2025-09-04 04:30:00+00:00,2.319999933242798,2.319999933242798,2.319999933242798,2.289999961853028,2.309999942779541,26953,GLOBE,2025-09
2025-09-04 04:35:00+00:00,2.3399999141693115,2.3399999141693115,2.3399999141693115,2.309999942779541,2.3299999237060547,34023,GLOBE,2025-09
2025-09-04 04:40:00+00:00,2.3299999237060547,2.3299999237060547,2.3399999141693115,2.3299999237060547,2.3399999141693115,11175,GLOBE,2025-09
2025-09-04 04:45:00+00:00,2.299999952316284,2.299999952316284,2.3399999141693115,2.299999952316284,2.3399999141693115,31134,GLOBE,2025-09
2025-09-04 04:50:00+00:00,2.309999942779541,2.309999942779541,2.3299999237060547,2.309999942779541,2.3299999237060547,0,GLOBE,2025-09
2025-09-04 04:55:00+00:00,2.299999952316284,2.299999952316284,2.319999933242798,2.299999952316284,2.319999933242798,9423,GLOBE,2025-09
2025-09-04 05:00:00+00:00,2.319999933242798,2.319999933242798,2.319999933242798,2.319999933242798,2.319999933242798,0,GLOBE,2025-09
2025-09-04 05:05:00+00:00,2.319999933242798,2.319999933242798,2.319999933242798,2.319999933242798,2.319999933242798,5296,GLOBE,2025-09
2025-09-04 05:10:00+00:00,2.309999942779541,2.309999942779541,2.309999942779541,2.309999942779541,2.309999942779541,0,GLOBE,2025-09
2025-09-04 05:15:00+00:00,2.309999942779541,2.309999942779541,2.309999942779541,2.309999942779541,2.309999942779541,19,GLOBE,2025-09
2025-09-04 05:20:00+00:00,2.309999942779541,2.309999942779541,2.309999942779541,2.309999942779541,2.309999942779541,42,GLOBE,2025-09
2025-09-04 05:25:00+00:00,2.289999961853028,2.289999961853028,2.289999961853028,2.289999961853028,2.289999961853028,10393,GLOBE,2025-09
2025-09-04 05:30:00+00:00,2.299999952316284,2.299999952316284,2.299999952316284,2.299999952316284,2.299999952316284,0,GLOBE,2025-09
2025-09-04 05:35:00+00:00,2.299999952316284,2.299999952316284,2.299999952316284,2.299999952316284,2.299999952316284,105,GLOBE,2025-09
2025-09-04 05:40:00+00:00,2.289999961853028,2.289999961853028,2.299999952316284,2.289999961853028,2.299999952316284,6271,GLOBE,2025-09
2025-09-04 05:45:00+00:00,2.289999961853028,2.289999961853028,2.289999961853028,2.2799999713897705,2.289999961853028,1664,GLOBE,2025-09
2025-09-04 05:50:00+00:00,2.319999933242798,2.319999933242798,2.3299999237060547,2.299999952316284,2.299999952316284,67609,GLOBE,2025-09
2025-09-04 05:55:00+00:00,2.319999933242798,2.319999933242798,2.319999933242798,2.319999933242798,2.319999933242798,7671,GLOBE,2025-09
2025-09-04 06:00:00+00:00,2.3299999237060547,2.3299999237060547,2.3299999237060547,2.3299999237060547,2.3299999237060547,373,GLOBE,2025-09
2025-09-04 06:05:00+00:00,2.3299999237060547,2.3299999237060547,2.3299999237060547,2.3299999237060547,2.3299999237060547,0,GLOBE,2025-09
2025-09-04 06:10:00+00:00,2.319999933242798,2.319999933242798,2.3299999237060547,2.319999933242798,2.3299999237060547,2010,GLOBE,2025-09
2025-09-04 06:15:00+00:00,2.3299999237060547,2.3299999237060547,2.3299999237060547,2.3299999237060547,2.3299999237060547,0,GLOBE,2025-09
2025-09-04 06:20:00+00:00,2.3299999237060547,2.3299999237060547,2.3299999237060547,2.3299999237060547,2.3299999237060547,190,GLOBE,2025-09
2025-09-04 06:25:00+00:00,2.3299999237060547,2.3299999237060547,2.3299999237060547,2.3299999237060547,2.3299999237060547,27342,GLOBE,2025-09
2025-09-04 06:30:00+00:00,2.3399999141693115,2.3399999141693115,2.3399999141693115,2.3399999141693115,2.3399999141693115,9939,GLOBE,2025-09
2025-09-04 06:35:00+00:00,2.3399999141693115,2.3399999141693115,2.3399999141693115,2.3299999237060547,2.3299999237060547,2388,GLOBE,2025-09
2025-09-04 06:40:00+00:00,2.3399999141693115,2.3399999141693115,2.3399999141693115,2.3299999237060547,2.3399999141693115,1461,GLOBE,2025-09
2025-09-04 06:45:00+00:00,2.3399999141693115,2.3399999141693115,2.3399999141693115,2.3399999141693115,2.3399999141693115,22,GLOBE,2025-09
2025-09-04 06:50:00+00:00,2.3299999237060547,2.3299999237060547,2.3399999141693115,2.3299999237060547,2.3399999141693115,750,GLOBE,2025-09
2025-09-04 07:00:00+00:00,2.3299999237060547,2.3299999237060547,2.3399999141693115,2.3299999237060547,2.3399999141693115,1106,GLOBE,2025-09
2025-09-04 07:05:00+00:00,2.3299999237060547,2.3299999237060547,2.3299999237060547,2.3299999237060547,2.3299999237060547,10196,GLOBE,2025-09
2025-09-04 07:10:00+00:00,2.3399999141693115,2.3399999141693115,2.3399999141693115,2.3399999141693115,2.3399999141693115,0,GLOBE,2025-09
2025-09-04 07:15:00+00:00,2.309999942779541,2.309999942779541,2.3399999141693115,2.309999942779541,2.3399999141693115,13842,GLOBE,2025-09
2025-09-04 07:20:00+00:00,2.319999933242798,2.319999933242798,2.319999933242798,2.309999942779541,2.309999942779541,6731,GLOBE,2025-09
2025-09-04 07:25:00+00:00,2.319999933242798,2.319999933242798,2.319999933242798,2.319999933242798,2.319999933242798,159,GLOBE,2025-09
2025-09-04 07:30:00+00:00,2.319999933242798,2.319999933242798,2.319999933242798,2.319999933242798,2.319999933242798,14,GLOBE,2025-09
2025-09-04 07:35:00+00:00,2.299999952316284,2.299999952316284,2.319999933242798,2.299999952316284,2.299999952316284,811,GLOBE,2025-09
2025-09-04 07:40:00+00:00,2.319999933242798,2.319999933242798,2.319999933242798,2.319999933242798,2.319999933242798,0,GLOBE,2025-09
2025-09-04 07:45:00+00:00,2.299999952316284,2.299999952316284,2.299999952316284,2.289999961853028,2.289999961853028,23216,GLOBE,2025-09
2025-09-04 07:50:00+00:00,2.319999933242798,2.319999933242798,2.3299999237060547,2.299999952316284,2.299999952316284,57990,GLOBE,2025-09
2025-09-04 07:55:00+00:00,2.319999933242798,2.319999933242798,2.319999933242798,2.319999933242798,2.319999933242798,0,GLOBE,2025-09
2025-09-04 08:00:00+00:00,2.309999942779541,2.309999942779541,2.309999942779541,2.309999942779541,2.309999942779541,0,GLOBE,2025-09
2025-09-04 08:05:00+00:00,2.309999942779541,2.309999942779541,2.309999942779541,2.309999942779541,2.309999942779541,96,GLOBE,2025-09
2025-09-04 08:10:00+00:00,2.309999942779541,2.309999942779541,2.309999942779541,2.309999942779541,2.309999942779541,809,GLOBE,2025-09
2025-09-04 08:15:00+00:00,2.299999952316284,2.299999952316284,2.319999933242798,2.299999952316284,2.309999942779541,1396,GLOBE,2025-09
2025-09-04 08:20:00+00:00,2.319999933242798,2.319999933242798,2.319999933242798,2.319999933242798,2.319999933242798,307,GLOBE,2025-09
2025-09-04 08:25:00+00:00,2.299999952316284,2.299999952316284,2.319999933242798,2.299999952316284,2.319999933242798,53,GLOBE,2025-09
2025-09-04 08:30:00+00:00,2.299999952316284,2.299999952316284,2.299999952316284,2.299999952316284,2.299999952316284,151,GLOBE,2025-09
2025-09-04 08:35:00+00:00,2.299999952316284,2.299999952316284,2.299999952316284,2.299999952316284,2.299999952316284,1968,GLOBE,2025-09
2025-09-04 08:40:00+00:00,2.309999942779541,2.309999942779541,2.309999942779541,2.309999942779541,2.309999942779541,16,GLOBE,2025-09
2025-09-04 08:50:00+00:00,2.319999933242798,2.319999933242798,2.319999933242798,2.319999933242798,2.319999933242798,4,GLOBE,2025-09
2025-09-04 08:55:00+00:00,2.309999942779541,2.309999942779541,2.319999933242798,2.299999952316284,2.299999952316284,791,GLOBE,2025-09
2025-09-04 09:05:00+00:00,2.3299999237060547,2.3299999237060547,2.3299999237060547,2.3299999237060547,2.3299999237060547,2,GLOBE,2025-09
2025-09-04 09:10:00+00:00,2.319999933242798,2.319999933242798,2.319999933242798,2.319999933242798,2.319999933242798,373,GLOBE,2025-09
2025-09-04 09:15:00+00:00,2.319999933242798,2.319999933242798,2.319999933242798,2.299999952316284,2.319999933242798,5249,GLOBE,2025-09
2025-09-04 09:25:00+00:00,2.319999933242798,2.319999933242798,2.319999933242798,2.309999942779541,2.309999942779541,582,GLOBE,2025-09
2025-09-04 09:30:00+00:00,2.319999933242798,2.319999933242798,2.319999933242798,2.319999933242798,2.319999933242798,390,GLOBE,2025-09
2025-09-04 09:35:00+00:00,2.309999942779541,2.309999942779541,2.319999933242798,2.309999942779541,2.319999933242798,17471,GLOBE,2025-09
2025-09-04 09:40:00+00:00,2.299999952316284,2.299999952316284,2.309999942779541,2.299999952316284,2.309999942779541,300420,GLOBE,2025-09
2025-09-04 09:45:00+00:00,2.319999933242798,2.319999933242798,2.319999933242798,2.319999933242798,2.319999933242798,218,GLOBE,2025-09
2025-09-04 09:50:00+00:00,2.299999952316284,2.299999952316284,2.319999933242798,2.299999952316284,2.319999933242798,10778,GLOBE,2025-09
2025-09-04 09:55:00+00:00,2.309999942779541,2.309999942779541,2.319999933242798,2.299999952316284,2.319999933242798,11602,GLOBE,2025-09
2025-09-05 03:45:00+00:00,2.289999961853028,2.289999961853028,2.3399999141693115,2.289999961853028,2.3399999141693115,0,GLOBE,2025-09
2025-09-05 03:50:00+00:00,2.319999933242798,2.319999933242798,2.319999933242798,2.319999933242798,2.319999933242798,440,GLOBE,2025-09
2025-09-05 03:55:00+00:00,2.299999952316284,2.299999952316284,2.319999933242798,2.299999952316284,2.319999933242798,8616,GLOBE,2025-09
2025-09-05 04:00:00+00:00,2.319999933242798,2.319999933242798,2.319999933242798,2.319999933242798,2.319999933242798,0,GLOBE,2025-09
2025-09-05 04:05:00+00:00,2.319999933242798,2.319999933242798,2.319999933242798,2.309999942779541,2.309999942779541,745,GLOBE,2025-09
2025-09-05 04:10:00+00:00,2.299999952316284,2.299999952316284,2.299999952316284,2.299999952316284,2.299999952316284,3513,GLOBE,2025-09
2025-09-05 04:15:00+00:00,2.319999933242798,2.319999933242798,2.319999933242798,2.299999952316284,2.319999933242798,0,GLOBE,2025-09
2025-09-05 04:20:00+00:00,2.309999942779541,2.309999942779541,2.319999933242798,2.309999942779541,2.319999933242798,164,GLOBE,2025-09
2025-09-05 04:25:00+00:00,2.319999933242798,2.319999933242798,2.319999933242798,2.309999942779541,2.309999942779541,292,GLOBE,2025-09
2025-09-05 04:30:00+00:00,2.3399999141693115,2.3399999141693115,2.3399999141693115,2.3299999237060547,2.3299999237060547,1789,GLOBE,2025-09
2025-09-05 04:35:00+00:00,2.309999942779541,2.309999942779541,2.3399999141693115,2.309999942779541,2.309999942779541,2752,GLOBE,2025-09
2025-09-05 04:40:00+00:00,2.3399999141693115,2.3399999141693115,2.3399999141693115,2.3299999237060547,2.3299999237060547,208,GLOBE,2025-09
2025-09-05 04:45:00+00:00,2.3399999141693115,2.3399999141693115,2.3399999141693115,2.3399999141693115,2.3399999141693115,8046,GLOBE,2025-09
2025-09-05 04:50:00+00:00,2.3299999237060547,2.3299999237060547,2.3399999141693115,2.319999933242798,2.3399999141693115,0,GLOBE,2025-09
2025-09-05 04:55:00+00:00,2.3299999237060547,2.3299999237060547,2.3299999237060547,2.3299999237060547,2.3299999237060547,32663,GLOBE,2025-09
2025-09-05 05:00:00+00:00,2.3299999237060547,2.3299999237060547,2.3299999237060547,2.3299999237060547,2.3299999237060547,0,GLOBE,2025-09
2025-09-05 05:05:00+00:00,2.3299999237060547,2.3299999237060547,2.3299999237060547,2.309999942779541,2.319999933242798,27140,GLOBE,2025-09
2025-09-05 05:10:00+00:00,2.309999942779541,2.309999942779541,2.309999942779541,2.309999942779541,2.309999942779541,0,GLOBE,2025-09
2025-09-05 05:15:00+00:00,2.3299999237060547,2.3299999237060547,2.3299999237060547,2.309999942779541,2.3299999237060547,3386,GLOBE,2025-09
2025-09-05 05:20:00+00:00,2.3299999237060547,2.3299999237060547,2.3299999237060547,2.3299999237060547,2.3299999237060547,0,GLOBE,2025-09
2025-09-05 05:25:00+00:00,2.3299999237060547,2.3299999237060547,2.3299999237060547,2.3299999237060547,2.3299999237060547,50,GLOBE,2025-09
2025-09-05 05:30:00+00:00,2.319999933242798,2.319999933242798,2.3299999237060547,2.309999942779541,2.3299999237060547,1044,GLOBE,2025-09
2025-09-05 05:35:00+00:00,2.319999933242798,2.319999933242798,2.319999933242798,2.309999942779541,2.309999942779541,3727,GLOBE,2025-09
2025-09-05 05:40:00+00:00,2.3299999237060547,2.3299999237060547,2.3299999237060547,2.309999942779541,2.309999942779541,2267,GLOBE,2025-09
2025-09-05 05:45:00+00:00,2.3299999237060547,2.3299999237060547,2.3399999141693115,2.3299999237060547,2.3299999237060547,35056,GLOBE,2025-09
2025-09-05 05:50:00+00:00,2.299999952316284,2.299999952316284,2.299999952316284,2.299999952316284,2.299999952316284,3117,GLOBE,2025-09
2025-09-05 05:55:00+00:00,2.299999952316284,2.299999952316284,2.299999952316284,2.299999952316284,2.299999952316284,30498,GLOBE,2025-09
2025-09-05 06:00:00+00:00,2.289999961853028,2.289999961853028,2.299999952316284,2.289999961853028,2.289999961853028,0,GLOBE,2025-09
2025-09-05 06:05:00+00:00,2.299999952316284,2.299999952316284,2.299999952316284,2.299999952316284,2.299999952316284,16583,GLOBE,2025-09
2025-09-05 06:10:00+00:00,2.319999933242798,2.319999933242798,2.319999933242798,2.319999933242798,2.319999933242798,997,GLOBE,2025-09
2025-09-05 06:15:00+00:00,2.299999952316284,2.299999952316284,2.299999952316284,2.289999961853028,2.299999952316284,15895,GLOBE,2025-09
2025-09-05 06:20:00+00:00,2.299999952316284,2.299999952316284,2.299999952316284,2.299999952316284,2.299999952316284,9480,GLOBE,2025-09
2025-09-05 06:25:00+00:00,2.299999952316284,2.299999952316284,2.299999952316284,2.299999952316284,2.299999952316284,184,GLOBE,2025-09
2025-09-05 06:30:00+00:00,2.289999961853028,2.289999961853028,2.299999952316284,2.289999961853028,2.299999952316284,1261,GLOBE,2025-09
2025-09-05 06:35:00+00:00,2.299999952316284,2.299999952316284,2.299999952316284,2.289999961853028,2.299999952316284,750,GLOBE,2025-09
2025-09-05 06:40:00+00:00,2.299999952316284,2.299999952316284,2.299999952316284,2.289999961853028,2.299999952316284,6157,GLOBE,2025-09
2025-09-05 06:45:00+00:00,2.289999961853028,2.289999961853028,2.289999961853028,2.289999961853028,2.289999961853028,0,GLOBE,2025-09
2025-09-05 06:50:00+00:00,2.299999952316284,2.299999952316284,2.299999952316284,2.299999952316284,2.299999952316284,6106,GLOBE,2025-09
2025-09-05 06:55:00+00:00,2.289999961853028,2.289999961853028,2.289999961853028,2.289999961853028,2.289999961853028,10,GLOBE,2025-09
2025-09-05 07:00:00+00:00,2.289999961853028,2.289999961853028,2.289999961853028,2.289999961853028,2.289999961853028,3266,GLOBE,2025-09
2025-09-05 07:05:00+00:00,2.289999961853028,2.289999961853028,2.289999961853028,2.289999961853028,2.289999961853028,2,GLOBE,2025-09
2025-09-05 07:10:00+00:00,2.289999961853028,2.289999961853028,2.289999961853028,2.289999961853028,2.289999961853028,2527,GLOBE,2025-09
2025-09-05 07:15:00+00:00,2.289999961853028,2.289999961853028,2.289999961853028,2.289999961853028,2.289999961853028,0,GLOBE,2025-09
2025-09-05 07:20:00+00:00,2.319999933242798,2.319999933242798,2.319999933242798,2.289999961853028,2.289999961853028,37173,GLOBE,2025-09
2025-09-05 07:25:00+00:00,2.319999933242798,2.319999933242798,2.319999933242798,2.319999933242798,2.319999933242798,90,GLOBE,2025-09
2025-09-05 07:35:00+00:00,2.289999961853028,2.289999961853028,2.289999961853028,2.289999961853028,2.289999961853028,173,GLOBE,2025-09
2025-09-05 07:45:00+00:00,2.309999942779541,2.309999942779541,2.319999933242798,2.289999961853028,2.289999961853028,3319,GLOBE,2025-09
2025-09-05 07:50:00+00:00,2.299999952316284,2.299999952316284,2.309999942779541,2.299999952316284,2.309999942779541,22543,GLOBE,2025-09
2025-09-05 07:55:00+00:00,2.319999933242798,2.319999933242798,2.319999933242798,2.319999933242798,2.319999933242798,5130,GLOBE,2025-09
2025-09-05 08:00:00+00:00,2.289999961853028,2.289999961853028,2.319999933242798,2.289999961853028,2.319999933242798,9170,GLOBE,2025-09
2025-09-05 08:05:00+00:00,2.319999933242798,2.319999933242798,2.319999933242798,2.319999933242798,2.319999933242798,409,GLOBE,2025-09
2025-09-05 08:10:00+00:00,2.319999933242798,2.319999933242798,2.319999933242798,2.319999933242798,2.319999933242798,988,GLOBE,2025-09
2025-09-05 08:15:00+00:00,2.309999942779541,2.309999942779541,2.319999933242798,2.309999942779541,2.319999933242798,19,GLOBE,2025-09
2025-09-05 08:20:00+00:00,2.309999942779541,2.309999942779541,2.309999942779541,2.309999942779541,2.309999942779541,655,GLOBE,2025-09
2025-09-05 08:30:00+00:00,2.309999942779541,2.309999942779541,2.309999942779541,2.309999942779541,2.309999942779541,93,GLOBE,2025-09
2025-09-05 08:35:00+00:00,2.309999942779541,2.309999942779541,2.309999942779541,2.309999942779541,2.309999942779541,150,GLOBE,2025-09
2025-09-05 08:40:00+00:00,2.299999952316284,2.299999952316284,2.309999942779541,2.299999952316284,2.309999942779541,845,GLOBE,2025-09
2025-09-05 08:45:00+00:00,2.299999952316284,2.299999952316284,2.299999952316284,2.299999952316284,2.299999952316284,0,GLOBE,2025-09
2025-09-05 08:50:00+00:00,2.299999952316284,2.299999952316284,2.309999942779541,2.299999952316284,2.299999952316284,101,GLOBE,2025-09
2025-09-05 08:55:00+00:00,2.299999952316284,2.299999952316284,2.309999942779541,2.299999952316284,2.299999952316284,26,GLOBE,2025-09
2025-09-05 09:00:00+00:00,2.299999952316284,2.299999952316284,2.309999942779541,2.299999952316284,2.299999952316284,4313,GLOBE,2025-09
2025-09-05 09:05:00+00:00,2.289999961853028,2.289999961853028,2.299999952316284,2.289999961853028,2.289999961853028,10810,GLOBE,2025-09
2025-09-05 09:10:00+00:00,2.309999942779541,2.309999942779541,2.319999933242798,2.309999942779541,2.319999933242798,1925,GLOBE,2025-09
2025-09-05 09:15:00+00:00,2.299999952316284,2.299999952316284,2.309999942779541,2.299999952316284,2.309999942779541,0,GLOBE,2025-09
2025-09-05 09:20:00+00:00,2.299999952316284,2.299999952316284,2.299999952316284,2.299999952316284,2.299999952316284,653,GLOBE,2025-09
2025-09-05 09:25:00+00:00,2.259999990463257,2.259999990463257,2.299999952316284,2.259999990463257,2.289999961853028,34292,GLOBE,2025-09
2025-09-05 09:30:00+00:00,2.2799999713897705,2.2799999713897705,2.2799999713897705,2.259999990463257,2.2799999713897705,12743,GLOBE,2025-09
2025-09-05 09:35:00+00:00,2.2699999809265137,2.2699999809265137,2.2699999809265137,2.2699999809265137,2.2699999809265137,0,GLOBE,2025-09
2025-09-05 09:40:00+00:00,2.2699999809265137,2.2699999809265137,2.2699999809265137,2.259999990463257,2.2699999809265137,6419,GLOBE,2025-09
2025-09-05 09:45:00+00:00,2.2100000381469727,2.2100000381469727,2.259999990463257,2.0799999237060547,2.259999990463257,214643,GLOBE,2025-09
2025-09-05 09:50:00+00:00,2.2300000190734863,2.2300000190734863,2.240000009536743,2.2100000381469727,2.2100000381469727,70321,GLOBE,2025-09
2025-09-05 09:55:00+00:00,2.190000057220459,2.190000057220459,2.2300000190734863,2.190000057220459,2.2300000190734863,0,GLOBE,2025-09
2025-09-08 03:45:00+00:00,2.259999990463257,2.259999990463257,2.259999990463257,2.2300000190734863,2.240000009536743,0,GLOBE,2025-09
2025-09-08 03:50:00+00:00,2.2699999809265137,2.2699999809265137,2.2699999809265137,2.259999990463257,2.259999990463257,8285,GLOBE,2025-09
2025-09-08 03:55:00+00:00,2.2699999809265137,2.2699999809265137,2.2699999809265137,2.2699999809265137,2.2699999809265137,900,GLOBE,2025-09
2025-09-08 04:00:00+00:00,2.25,2.25,2.259999990463257,2.25,2.259999990463257,10853,GLOBE,2025-09
2025-09-08 04:05:00+00:00,2.2699999809265137,2.2699999809265137,2.2699999809265137,2.259999990463257,2.259999990463257,3806,GLOBE,2025-09
2025-09-08 04:10:00+00:00,2.259999990463257,2.259999990463257,2.2699999809265137,2.259999990463257,2.2699999809265137,64861,GLOBE,2025-09
2025-09-08 04:15:00+00:00,2.25,2.25,2.259999990463257,2.25,2.259999990463257,0,GLOBE,2025-09
2025-09-08 04:20:00+00:00,2.259999990463257,2.259999990463257,2.259999990463257,2.25,2.25,1215,GLOBE,2025-09
2025-09-08 04:25:00+00:00,2.240000009536743,2.240000009536743,2.259999990463257,2.240000009536743,2.259999990463257,114,GLOBE,2025-09
2025-09-08 04:30:00+00:00,2.259999990463257,2.259999990463257,2.259999990463257,2.240000009536743,2.259999990463257,4039,GLOBE,2025-09
2025-09-08 04:35:00+00:00,2.259999990463257,2.259999990463257,2.259999990463257,2.259999990463257,2.259999990463257,1500,GLOBE,2025-09
2025-09-08 04:40:00+00:00,2.259999990463257,2.259999990463257,2.259999990463257,2.240000009536743,2.25,3707,GLOBE,2025-09
2025-09-08 04:45:00+00:00,2.259999990463257,2.259999990463257,2.259999990463257,2.259999990463257,2.259999990463257,10056,GLOBE,2025-09
2025-09-08 04:50:00+00:00,2.259999990463257,2.259999990463257,2.259999990463257,2.25,2.259999990463257,2078,GLOBE,2025-09
2025-09-08 04:55:00+00:00,2.259999990463257,2.259999990463257,2.259999990463257,2.259999990463257,2.259999990463257,2991,GLOBE,2025-09
2025-09-08 05:00:00+00:00,2.25,2.25,2.259999990463257,2.240000009536743,2.259999990463257,0,GLOBE,2025-09
2025-09-08 05:05:00+00:00,2.25,2.25,2.25,2.240000009536743,2.240000009536743,16579,GLOBE,2025-09
2025-09-08 05:10:00+00:00,2.25,2.25,2.25,2.25,2.25,14350,GLOBE,2025-09
2025-09-08 05:15:00+00:00,2.25,2.25,2.25,2.25,2.25,0,GLOBE,2025-09
2025-09-08 05:20:00+00:00,2.25,2.25,2.25,2.240000009536743,2.25,5200,GLOBE,2025-09
2025-09-08 05:25:00+00:00,2.25,2.25,2.25,2.220000028610229,2.2300000190734863,5252,GLOBE,2025-09
2025-09-08 05:30:00+00:00,2.2300000190734863,2.2300000190734863,2.2300000190734863,2.2300000190734863,2.2300000190734863,25,GLOBE,2025-09
2025-09-08 05:35:00+00:00,2.240000009536743,2.240000009536743,2.240000009536743,2.240000009536743,2.240000009536743,548,GLOBE,2025-09
2025-09-08 05:40:00+00:00,2.240000009536743,2.240000009536743,2.240000009536743,2.240000009536743,2.240000009536743,1336,GLOBE,2025-09
2025-09-08 05:45:00+00:00,2.240000009536743,2.240000009536743,2.240000009536743,2.240000009536743,2.240000009536743,433,GLOBE,2025-09
2025-09-08 05:50:00+00:00,2.2300000190734863,2.2300000190734863,2.240000009536743,2.2300000190734863,2.240000009536743,0,GLOBE,2025-09
2025-09-08 05:55:00+00:00,2.190000057220459,2.190000057220459,2.2300000190734863,2.190000057220459,2.2300000190734863,75612,GLOBE,2025-09
2025-09-08 06:00:00+00:00,2.140000104904175,2.140000104904175,2.200000047683716,2.140000104904175,2.200000047683716,168335,GLOBE,2025-09
2025-09-08 06:05:00+00:00,2.1700000762939453,2.1700000762939453,2.1700000762939453,2.140000104904175,2.140000104904175,45909,GLOBE,2025-09
2025-09-08 06:10:00+00:00,2.1700000762939453,2.1700000762939453,2.1700000762939453,2.1600000858306885,2.1600000858306885,4103,GLOBE,2025-09
2025-09-08 06:15:00+00:00,2.1700000762939453,2.1700000762939453,2.1700000762939453,2.1700000762939453,2.1700000762939453,6191,GLOBE,2025-09
2025-09-08 06:20:00+00:00,2.1700000762939453,2.1700000762939453,2.1700000762939453,2.1600000858306885,2.1600000858306885,0,GLOBE,2025-09
2025-09-08 06:25:00+00:00,2.180000066757202,2.180000066757202,2.180000066757202,2.1700000762939453,2.1700000762939453,3134,GLOBE,2025-09
2025-09-08 06:30:00+00:00,2.180000066757202,2.180000066757202,2.180000066757202,2.180000066757202,2.180000066757202,54152,GLOBE,2025-09
2025-09-08 06:35:00+00:00,2.1700000762939453,2.1700000762939453,2.1700000762939453,2.1700000762939453,2.1700000762939453,6860,GLOBE,2025-09
2025-09-08 06:40:00+00:00,2.1700000762939453,2.1700000762939453,2.1700000762939453,2.1700000762939453,2.1700000762939453,19548,GLOBE,2025-09
2025-09-08 06:45:00+00:00,2.1700000762939453,2.1700000762939453,2.1700000762939453,2.1700000762939453,2.1700000762939453,15,GLOBE,2025-09
2025-09-08 06:55:00+00:00,2.180000066757202,2.180000066757202,2.180000066757202,2.180000066757202,2.180000066757202,114,GLOBE,2025-09
2025-09-08 07:00:00+00:00,2.180000066757202,2.180000066757202,2.180000066757202,2.1700000762939453,2.1700000762939453,1009,GLOBE,2025-09
2025-09-08 07:05:00+00:00,2.180000066757202,2.180000066757202,2.180000066757202,2.1700000762939453,2.1700000762939453,1174,GLOBE,2025-09
2025-09-08 07:10:00+00:00,2.1700000762939453,2.1700000762939453,2.180000066757202,2.1700000762939453,2.180000066757202,10277,GLOBE,2025-09
2025-09-08 07:15:00+00:00,2.1700000762939453,2.1700000762939453,2.1700000762939453,2.1700000762939453,2.1700000762939453,149,GLOBE,2025-09
2025-09-08 07:25:00+00:00,2.1700000762939453,2.1700000762939453,2.180000066757202,2.1700000762939453,2.180000066757202,104,GLOBE,2025-09
2025-09-08 07:30:00+00:00,2.180000066757202,2.180000066757202,2.180000066757202,2.180000066757202,2.180000066757202,4935,GLOBE,2025-09
2025-09-08 07:35:00+00:00,2.180000066757202,2.180000066757202,2.180000066757202,2.180000066757202,2.180000066757202,9023,GLOBE,2025-09
2025-09-08 07:40:00+00:00,2.1700000762939453,2.1700000762939453,2.180000066757202,2.1700000762939453,2.180000066757202,0,GLOBE,2025-09
2025-09-08 07:45:00+00:00,2.180000066757202,2.180000066757202,2.180000066757202,2.1700000762939453,2.1700000762939453,401,GLOBE,2025-09
2025-09-08 07:50:00+00:00,2.180000066757202,2.180000066757202,2.180000066757202,2.180000066757202,2.180000066757202,1021,GLOBE,2025-09
2025-09-08 07:55:00+00:00,2.180000066757202,2.180000066757202,2.180000066757202,2.180000066757202,2.180000066757202,6597,GLOBE,2025-09
2025-09-08 08:00:00+00:00,2.180000066757202,2.180000066757202,2.180000066757202,2.180000066757202,2.180000066757202,189,GLOBE,2025-09
2025-09-08 08:10:00+00:00,2.180000066757202,2.180000066757202,2.180000066757202,2.180000066757202,2.180000066757202,40,GLOBE,2025-09
2025-09-08 08:15:00+00:00,2.180000066757202,2.180000066757202,2.180000066757202,2.180000066757202,2.180000066757202,0,GLOBE,2025-09
2025-09-08 08:25:00+00:00,2.180000066757202,2.180000066757202,2.180000066757202,2.180000066757202,2.180000066757202,43,GLOBE,2025-09
2025-09-08 08:30:00+00:00,2.180000066757202,2.180000066757202,2.180000066757202,2.150000095367432,2.1600000858306885,219158,GLOBE,2025-09
2025-09-08 08:35:00+00:00,2.180000066757202,2.180000066757202,2.180000066757202,2.1700000762939453,2.1700000762939453,2379,GLOBE,2025-09
2025-09-08 08:40:00+00:00,2.180000066757202,2.180000066757202,2.180000066757202,2.180000066757202,2.180000066757202,0,GLOBE,2025-09
2025-09-08 08:45:00+00:00,2.180000066757202,2.180000066757202,2.180000066757202,2.180000066757202,2.180000066757202,100,GLOBE,2025-09
2025-09-08 08:55:00+00:00,2.180000066757202,2.180000066757202,2.180000066757202,2.1600000858306885,2.1600000858306885,258000,GLOBE,2025-09
2025-09-08 09:00:00+00:00,2.1700000762939453,2.1700000762939453,2.180000066757202,2.1700000762939453,2.180000066757202,141905,GLOBE,2025-09
2025-09-08 09:05:00+00:00,2.180000066757202,2.180000066757202,2.180000066757202,2.180000066757202,2.180000066757202,0,GLOBE,2025-09
2025-09-08 09:10:00+00:00,2.190000057220459,2.190000057220459,2.190000057220459,2.180000066757202,2.180000066757202,23528,GLOBE,2025-09
2025-09-08 09:15:00+00:00,2.200000047683716,2.200000047683716,2.200000047683716,2.180000066757202,2.190000057220459,49258,GLOBE,2025-09
2025-09-08 09:20:00+00:00,2.200000047683716,2.200000047683716,2.200000047683716,2.190000057220459,2.200000047683716,1590,GLOBE,2025-09
2025-09-08 09:25:00+00:00,2.190000057220459,2.190000057220459,2.190000057220459,2.180000066757202,2.190000057220459,2410,GLOBE,2025-09
2025-09-08 09:30:00+00:00,2.180000066757202,2.180000066757202,2.190000057220459,2.180000066757202,2.190000057220459,0,GLOBE,2025-09
2025-09-08 09:35:00+00:00,2.190000057220459,2.190000057220459,2.190000057220459,2.190000057220459,2.190000057220459,1074,GLOBE,2025-09
2025-09-08 09:40:00+00:00,2.190000057220459,2.190000057220459,2.190000057220459,2.190000057220459,2.190000057220459,108,GLOBE,2025-09
2025-09-08 09:45:00+00:00,2.180000066757202,2.180000066757202,2.190000057220459,2.180000066757202,2.190000057220459,8517,GLOBE,2025-09
2025-09-08 09:50:00+00:00,2.190000057220459,2.190000057220459,2.190000057220459,2.180000066757202,2.190000057220459,25441,GLOBE,2025-09
2025-09-08 09:55:00+00:00,2.190000057220459,2.190000057220459,2.200000047683716,2.1700000762939453,2.190000057220459,44860,GLOBE,2025-09
2025-09-09 03:45:00+00:00,2.200000047683716,2.200000047683716,2.200000047683716,2.140000104904175,2.140000104904175,0,GLOBE,2025-09
2025-09-09 03:50:00+00:00,2.190000057220459,2.190000057220459,2.200000047683716,2.190000057220459,2.200000047683716,1225,GLOBE,2025-09
2025-09-09 03:55:00+00:00,2.190000057220459,2.190000057220459,2.190000057220459,2.1700000762939453,2.1700000762939453,31069,GLOBE,2025-09
2025-09-09 04:00:00+00:00,2.190000057220459,2.190000057220459,2.190000057220459,2.1700000762939453,2.1700000762939453,0,GLOBE,2025-09
2025-09-09 04:05:00+00:00,2.200000047683716,2.200000047683716,2.200000047683716,2.200000047683716,2.200000047683716,5599,GLOBE,2025-09
2025-09-09 04:10:00+00:00,2.200000047683716,2.200000047683716,2.200000047683716,2.200000047683716,2.200000047683716,13872,GLOBE,2025-09
2025-09-09 04:15:00+00:00,2.190000057220459,2.190000057220459,2.200000047683716,2.180000066757202,2.190000057220459,2122,GLOBE,2025-09
2025-09-09 04:20:00+00:00,2.190000057220459,2.190000057220459,2.190000057220459,2.180000066757202,2.180000066757202,8387,GLOBE,2025-09
2025-09-09 04:25:00+00:00,2.180000066757202,2.180000066757202,2.180000066757202,2.180000066757202,2.180000066757202,29,GLOBE,2025-09
2025-09-09 04:30:00+00:00,2.1700000762939453,2.1700000762939453,2.190000057220459,2.1700000762939453,2.190000057220459,42000,GLOBE,2025-09
2025-09-09 04:35:00+00:00,2.190000057220459,2.190000057220459,2.190000057220459,2.1700000762939453,2.1700000762939453,4674,GLOBE,2025-09
2025-09-09 04:40:00+00:00,2.1700000762939453,2.1700000762939453,2.190000057220459,2.1700000762939453,2.190000057220459,610,GLOBE,2025-09
2025-09-09 04:45:00+00:00,2.190000057220459,2.190000057220459,2.190000057220459,2.190000057220459,2.190000057220459,0,GLOBE,2025-09
2025-09-09 04:50:00+00:00,2.190000057220459,2.190000057220459,2.190000057220459,2.190000057220459,2.190000057220459,2,GLOBE,2025-09
2025-09-09 04:55:00+00:00,2.190000057220459,2.190000057220459,2.190000057220459,2.190000057220459,2.190000057220459,599,GLOBE,2025-09
2025-09-09 05:00:00+00:00,2.190000057220459,2.190000057220459,2.190000057220459,2.190000057220459,2.190000057220459,4280,GLOBE,2025-09
2025-09-09 05:05:00+00:00,2.180000066757202,2.180000066757202,2.190000057220459,2.180000066757202,2.190000057220459,7944,GLOBE,2025-09
2025-09-09 05:10:00+00:00,2.190000057220459,2.190000057220459,2.190000057220459,2.1700000762939453,2.1700000762939453,0,GLOBE,2025-09
2025-09-09 05:15:00+00:00,2.1700000762939453,2.1700000762939453,2.1700000762939453,2.1700000762939453,2.1700000762939453,584,GLOBE,2025-09
2025-09-09 05:20:00+00:00,2.190000057220459,2.190000057220459,2.190000057220459,2.190000057220459,2.190000057220459,1790,GLOBE,2025-09
2025-09-09 05:25:00+00:00,2.180000066757202,2.180000066757202,2.190000057220459,2.1600000858306885,2.190000057220459,12938,GLOBE,2025-09
2025-09-09 05:30:00+00:00,2.1700000762939453,2.1700000762939453,2.180000066757202,2.150000095367432,2.1600000858306885,24793,GLOBE,2025-09
2025-09-09 05:35:00+00:00,2.180000066757202,2.180000066757202,2.180000066757202,2.180000066757202,2.180000066757202,6200,GLOBE,2025-09
2025-09-09 05:40:00+00:00,2.180000066757202,2.180000066757202,2.180000066757202,2.180000066757202,2.180000066757202,0,GLOBE,2025-09
2025-09-09 05:45:00+00:00,2.180000066757202,2.180000066757202,2.180000066757202,2.180000066757202,2.180000066757202,0,GLOBE,2025-09
2025-09-09 05:50:00+00:00,2.1700000762939453,2.1700000762939453,2.180000066757202,2.1700000762939453,2.180000066757202,2176,GLOBE,2025-09
2025-09-09 05:55:00+00:00,2.1700000762939453,2.1700000762939453,2.1700000762939453,2.1700000762939453,2.1700000762939453,13421,GLOBE,2025-09
2025-09-09 06:00:00+00:00,2.180000066757202,2.180000066757202,2.180000066757202,2.180000066757202,2.180000066757202,0,GLOBE,2025-09
2025-09-09 06:10:00+00:00,2.1700000762939453,2.1700000762939453,2.180000066757202,2.1700000762939453,2.180000066757202,1483,GLOBE,2025-09
2025-09-09 06:15:00+00:00,2.1700000762939453,2.1700000762939453,2.1700000762939453,2.1700000762939453,2.1700000762939453,10192,GLOBE,2025-09
2025-09-09 06:20:00+00:00,2.180000066757202,2.180000066757202,2.180000066757202,2.180000066757202,2.180000066757202,0,GLOBE,2025-09
2025-09-09 06:25:00+00:00,2.1700000762939453,2.1700000762939453,2.180000066757202,2.1700000762939453,2.180000066757202,149,GLOBE,2025-09
2025-09-09 06:30:00+00:00,2.1700000762939453,2.1700000762939453,2.1700000762939453,2.1700000762939453,2.1700000762939453,8003,GLOBE,2025-09
2025-09-09 06:35:00+00:00,2.1600000858306885,2.1600000858306885,2.1700000762939453,2.1600000858306885,2.1700000762939453,14839,GLOBE,2025-09
2025-09-09 06:45:00+00:00,2.1700000762939453,2.1700000762939453,2.1700000762939453,2.1700000762939453,2.1700000762939453,149,GLOBE,2025-09
2025-09-09 06:55:00+00:00,2.150000095367432,2.150000095367432,2.1700000762939453,2.150000095367432,2.1700000762939453,22662,GLOBE,2025-09
2025-09-09 07:00:00+00:00,2.180000066757202,2.180000066757202,2.180000066757202,2.1700000762939453,2.1700000762939453,5294,GLOBE,2025-09
2025-09-09 07:05:00+00:00,2.1600000858306885,2.1600000858306885,2.180000066757202,2.150000095367432,2.180000066757202,71761,GLOBE,2025-09
2025-09-09 07:15:00+00:00,2.1600000858306885,2.1600000858306885,2.1600000858306885,2.1600000858306885,2.1600000858306885,5975,GLOBE,2025-09
2025-09-09 07:25:00+00:00,2.1600000858306885,2.1600000858306885,2.1600000858306885,2.150000095367432,2.150000095367432,4927,GLOBE,2025-09
2025-09-09 07:30:00+00:00,2.150000095367432,2.150000095367432,2.1600000858306885,2.150000095367432,2.1600000858306885,2013,GLOBE,2025-09
2025-09-09 07:35:00+00:00,2.1600000858306885,2.1600000858306885,2.1600000858306885,2.150000095367432,2.150000095367432,14186,GLOBE,2025-09
2025-09-09 07:40:00+00:00,2.1700000762939453,2.1700000762939453,2.1700000762939453,2.1600000858306885,2.1600000858306885,27834,GLOBE,2025-09
2025-09-09 07:45:00+00:00,2.180000066757202,2.180000066757202,2.180000066757202,2.180000066757202,2.180000066757202,0,GLOBE,2025-09
2025-09-09 07:50:00+00:00,2.180000066757202,2.180000066757202,2.180000066757202,2.1700000762939453,2.180000066757202,26299,GLOBE,2025-09
2025-09-09 07:55:00+00:00,2.1700000762939453,2.1700000762939453,2.1700000762939453,2.1700000762939453,2.1700000762939453,1502,GLOBE,2025-09
2025-09-09 08:00:00+00:00,2.1600000858306885,2.1600000858306885,2.1700000762939453,2.1600000858306885,2.1700000762939453,6921,GLOBE,2025-09
2025-09-09 08:05:00+00:00,2.1700000762939453,2.1700000762939453,2.1700000762939453,2.1600000858306885,2.1600000858306885,31015,GLOBE,2025-09
2025-09-09 08:10:00+00:00,2.180000066757202,2.180000066757202,2.180000066757202,2.1700000762939453,2.1700000762939453,660,GLOBE,2025-09
2025-09-09 08:15:00+00:00,2.1600000858306885,2.1600000858306885,2.180000066757202,2.1600000858306885,2.180000066757202,708,GLOBE,2025-09
2025-09-09 08:20:00+00:00,2.180000066757202,2.180000066757202,2.180000066757202,2.180000066757202,2.180000066757202,88,GLOBE,2025-09
2025-09-09 08:25:00+00:00,2.1600000858306885,2.1600000858306885,2.1700000762939453,2.1600000858306885,2.1600000858306885,11250,GLOBE,2025-09
2025-09-09 08:30:00+00:00,2.180000066757202,2.180000066757202,2.180000066757202,2.1600000858306885,2.1600000858306885,530,GLOBE,2025-09
2025-09-09 08:35:00+00:00,2.1700000762939453,2.1700000762939453,2.180000066757202,2.1700000762939453,2.180000066757202,5897,GLOBE,2025-09
2025-09-09 08:40:00+00:00,2.1600000858306885,2.1600000858306885,2.1700000762939453,2.1600000858306885,2.1700000762939453,14985,GLOBE,2025-09
2025-09-09 08:45:00+00:00,2.1600000858306885,2.1600000858306885,2.1600000858306885,2.1600000858306885,2.1600000858306885,13701,GLOBE,2025-09
2025-09-09 08:50:00+00:00,2.1600000858306885,2.1600000858306885,2.1600000858306885,2.1600000858306885,2.1600000858306885,0,GLOBE,2025-09
2025-09-09 08:55:00+00:00,2.1600000858306885,2.1600000858306885,2.1600000858306885,2.1600000858306885,2.1600000858306885,150,GLOBE,2025-09
2025-09-09 09:00:00+00:00,2.1700000762939453,2.1700000762939453,2.1700000762939453,2.1600000858306885,2.1600000858306885,5294,GLOBE,2025-09
2025-09-09 09:05:00+00:00,2.1700000762939453,2.1700000762939453,2.1700000762939453,2.1700000762939453,2.1700000762939453,667,GLOBE,2025-09
2025-09-09 09:15:00+00:00,2.1700000762939453,2.1700000762939453,2.1700000762939453,2.1700000762939453,2.1700000762939453,176,GLOBE,2025-09
2025-09-09 09:20:00+00:00,2.1600000858306885,2.1600000858306885,2.1700000762939453,2.1600000858306885,2.1700000762939453,730,GLOBE,2025-09
2025-09-09 09:25:00+00:00,2.1700000762939453,2.1700000762939453,2.1700000762939453,2.1700000762939453,2.1700000762939453,3332,GLOBE,2025-09
2025-09-09 09:30:00+00:00,2.1700000762939453,2.1700000762939453,2.1700000762939453,2.1600000858306885,2.1700000762939453,15414,GLOBE,2025-09
2025-09-09 09:35:00+00:00,2.1600000858306885,2.1600000858306885,2.1600000858306885,2.1600000858306885,2.1600000858306885,179,GLOBE,2025-09
2025-09-09 09:40:00+00:00,2.1600000858306885,2.1600000858306885,2.1600000858306885,2.150000095367432,2.150000095367432,5206,GLOBE,2025-09
2025-09-09 09:45:00+00:00,2.150000095367432,2.150000095367432,2.1700000762939453,2.150000095367432,2.1700000762939453,2572,GLOBE,2025-09
2025-09-09 09:50:00+00:00,2.1600000858306885,2.1600000858306885,2.1700000762939453,2.1600000858306885,2.1700000762939453,3713,GLOBE,2025-09
2025-09-09 09:55:00+00:00,2.1700000762939453,2.1700000762939453,2.1700000762939453,2.1600000858306885,2.1600000858306885,11932,GLOBE,2025-09
2025-09-10 03:45:00+00:00,2.190000057220459,2.190000057220459,2.190000057220459,2.180000066757202,2.180000066757202,0,GLOBE,2025-09
2025-09-10 03:50:00+00:00,2.180000066757202,2.180000066757202,2.190000057220459,2.1700000762939453,2.190000057220459,87,GLOBE,2025-09
2025-09-10 03:55:00+00:00,2.180000066757202,2.180000066757202,2.180000066757202,2.180000066757202,2.180000066757202,422,GLOBE,2025-09
2025-09-10 04:00:00+00:00,2.180000066757202,2.180000066757202,2.200000047683716,2.180000066757202,2.190000057220459,12101,GLOBE,2025-09
2025-09-10 04:05:00+00:00,2.190000057220459,2.190000057220459,2.190000057220459,2.190000057220459,2.190000057220459,692,GLOBE,2025-09
2025-09-10 04:10:00+00:00,2.190000057220459,2.190000057220459,2.190000057220459,2.180000066757202,2.190000057220459,660,GLOBE,2025-09
2025-09-10 04:15:00+00:00,2.190000057220459,2.190000057220459,2.190000057220459,2.180000066757202,2.190000057220459,1809,GLOBE,2025-09
2025-09-10 04:20:00+00:00,2.200000047683716,2.200000047683716,2.200000047683716,2.190000057220459,2.200000047683716,11848,GLOBE,2025-09
2025-09-10 04:25:00+00:00,2.190000057220459,2.190000057220459,2.200000047683716,2.190000057220459,2.200000047683716,3901,GLOBE,2025-09
2025-09-10 04:30:00+00:00,2.200000047683716,2.200000047683716,2.200000047683716,2.190000057220459,2.190000057220459,9919,GLOBE,2025-09
2025-09-10 04:35:00+00:00,2.190000057220459,2.190000057220459,2.200000047683716,2.190000057220459,2.200000047683716,1955,GLOBE,2025-09
2025-09-10 04:40:00+00:00,2.200000047683716,2.200000047683716,2.200000047683716,2.200000047683716,2.200000047683716,5255,GLOBE,2025-09
2025-09-10 04:45:00+00:00,2.2100000381469727,2.2100000381469727,2.2100000381469727,2.2100000381469727,2.2100000381469727,9288,GLOBE,2025-09
2025-09-10 04:50:00+00:00,2.220000028610229,2.220000028610229,2.2300000190734863,2.220000028610229,2.220000028610229,27077,GLOBE,2025-09
2025-09-10 04:55:00+00:00,2.2300000190734863,2.2300000190734863,2.2300000190734863,2.220000028610229,2.2300000190734863,7431,GLOBE,2025-09
2025-09-10 05:00:00+00:00,2.240000009536743,2.240000009536743,2.240000009536743,2.240000009536743,2.240000009536743,14343,GLOBE,2025-09
2025-09-10 05:05:00+00:00,2.240000009536743,2.240000009536743,2.240000009536743,2.220000028610229,2.240000009536743,11200,GLOBE,2025-09
2025-09-10 05:10:00+00:00,2.2300000190734863,2.2300000190734863,2.240000009536743,2.220000028610229,2.240000009536743,0,GLOBE,2025-09
2025-09-10 05:15:00+00:00,2.220000028610229,2.220000028610229,2.220000028610229,2.220000028610229,2.220000028610229,190,GLOBE,2025-09
2025-09-10 05:20:00+00:00,2.2300000190734863,2.2300000190734863,2.2300000190734863,2.2300000190734863,2.2300000190734863,991,GLOBE,2025-09
2025-09-10 05:25:00+00:00,2.2300000190734863,2.2300000190734863,2.2300000190734863,2.220000028610229,2.220000028610229,2208,GLOBE,2025-09
2025-09-10 05:30:00+00:00,2.2300000190734863,2.2300000190734863,2.2300000190734863,2.2300000190734863,2.2300000190734863,957,GLOBE,2025-09
2025-09-10 05:35:00+00:00,2.220000028610229,2.220000028610229,2.220000028610229,2.220000028610229,2.220000028610229,6126,GLOBE,2025-09
2025-09-10 05:40:00+00:00,2.2300000190734863,2.2300000190734863,2.2300000190734863,2.220000028610229,2.2300000190734863,3139,GLOBE,2025-09
2025-09-10 05:45:00+00:00,2.2300000190734863,2.2300000190734863,2.2300000190734863,2.220000028610229,2.2300000190734863,0,GLOBE,2025-09
2025-09-10 05:50:00+00:00,2.240000009536743,2.240000009536743,2.259999990463257,2.240000009536743,2.259999990463257,52115,GLOBE,2025-09
2025-09-10 05:55:00+00:00,2.2300000190734863,2.2300000190734863,2.240000009536743,2.2300000190734863,2.240000009536743,2043,GLOBE,2025-09
2025-09-10 06:00:00+00:00,2.240000009536743,2.240000009536743,2.240000009536743,2.240000009536743,2.240000009536743,1505,GLOBE,2025-09
2025-09-10 06:05:00+00:00,2.240000009536743,2.240000009536743,2.240000009536743,2.2300000190734863,2.2300000190734863,4000,GLOBE,2025-09
2025-09-10 06:10:00+00:00,2.25,2.25,2.25,2.25,2.25,0,GLOBE,2025-09
2025-09-10 06:15:00+00:00,2.240000009536743,2.240000009536743,2.240000009536743,2.240000009536743,2.240000009536743,0,GLOBE,2025-09
2025-09-10 06:20:00+00:00,2.259999990463257,2.259999990463257,2.259999990463257,2.240000009536743,2.240000009536743,4924,GLOBE,2025-09
2025-09-10 06:25:00+00:00,2.259999990463257,2.259999990463257,2.259999990463257,2.25,2.25,152,GLOBE,2025-09
2025-09-10 06:30:00+00:00,2.25,2.25,2.259999990463257,2.240000009536743,2.259999990463257,1889,GLOBE,2025-09
2025-09-10 06:35:00+00:00,2.240000009536743,2.240000009536743,2.25,2.240000009536743,2.25,68,GLOBE,2025-09
2025-09-10 06:40:00+00:00,2.240000009536743,2.240000009536743,2.240000009536743,2.240000009536743,2.240000009536743,540,GLOBE,2025-09
2025-09-10 06:45:00+00:00,2.240000009536743,2.240000009536743,2.240000009536743,2.240000009536743,2.240000009536743,1716,GLOBE,2025-09
2025-09-10 06:50:00+00:00,2.25,2.25,2.25,2.240000009536743,2.240000009536743,84,GLOBE,2025-09
2025-09-10 06:55:00+00:00,2.2300000190734863,2.2300000190734863,2.240000009536743,2.2300000190734863,2.240000009536743,16757,GLOBE,2025-09
2025-09-10 07:00:00+00:00,2.220000028610229,2.220000028610229,2.25,2.220000028610229,2.2300000190734863,143529,GLOBE,2025-09
2025-09-10 07:05:00+00:00,2.2100000381469727,2.2100000381469727,2.220000028610229,2.200000047683716,2.220000028610229,10841,GLOBE,2025-09
2025-09-10 07:10:00+00:00,2.220000028610229,2.220000028610229,2.220000028610229,2.220000028610229,2.220000028610229,35,GLOBE,2025-09
2025-09-10 07:15:00+00:00,2.220000028610229,2.220000028610229,2.220000028610229,2.220000028610229,2.220000028610229,21,GLOBE,2025-09
2025-09-10 07:20:00+00:00,2.220000028610229,2.220000028610229,2.220000028610229,2.220000028610229,2.220000028610229,10,GLOBE,2025-09
2025-09-10 07:25:00+00:00,2.220000028610229,2.220000028610229,2.220000028610229,2.220000028610229,2.220000028610229,0,GLOBE,2025-09
2025-09-10 07:30:00+00:00,2.200000047683716,2.200000047683716,2.220000028610229,2.200000047683716,2.220000028610229,4899,GLOBE,2025-09
2025-09-10 07:35:00+00:00,2.200000047683716,2.200000047683716,2.220000028610229,2.200000047683716,2.220000028610229,692,GLOBE,2025-09
2025-09-10 07:40:00+00:00,2.200000047683716,2.200000047683716,2.220000028610229,2.200000047683716,2.220000028610229,2187,GLOBE,2025-09
2025-09-10 07:45:00+00:00,2.220000028610229,2.220000028610229,2.220000028610229,2.220000028610229,2.220000028610229,49,GLOBE,2025-09
2025-09-10 07:50:00+00:00,2.200000047683716,2.200000047683716,2.2100000381469727,2.200000047683716,2.200000047683716,21508,GLOBE,2025-09
2025-09-10 07:55:00+00:00,2.2100000381469727,2.2100000381469727,2.2100000381469727,2.2100000381469727,2.2100000381469727,0,GLOBE,2025-09
2025-09-10 08:00:00+00:00,2.2100000381469727,2.2100000381469727,2.2100000381469727,2.2100000381469727,2.2100000381469727,216,GLOBE,2025-09
2025-09-10 08:05:00+00:00,2.2100000381469727,2.2100000381469727,2.2100000381469727,2.2100000381469727,2.2100000381469727,239,GLOBE,2025-09
2025-09-10 08:10:00+00:00,2.200000047683716,2.200000047683716,2.2100000381469727,2.200000047683716,2.2100000381469727,687,GLOBE,2025-09
2025-09-10 08:15:00+00:00,2.200000047683716,2.200000047683716,2.2100000381469727,2.200000047683716,2.2100000381469727,1020,GLOBE,2025-09
2025-09-10 08:20:00+00:00,2.2100000381469727,2.2100000381469727,2.2100000381469727,2.2100000381469727,2.2100000381469727,1040,GLOBE,2025-09
2025-09-10 08:25:00+00:00,2.200000047683716,2.200000047683716,2.2100000381469727,2.200000047683716,2.200000047683716,1362,GLOBE,2025-09
2025-09-10 08:30:00+00:00,2.200000047683716,2.200000047683716,2.2100000381469727,2.200000047683716,2.2100000381469727,1433,GLOBE,2025-09
2025-09-10 08:40:00+00:00,2.2100000381469727,2.2100000381469727,2.2100000381469727,2.2100000381469727,2.2100000381469727,450,GLOBE,2025-09
2025-09-10 08:50:00+00:00,2.2100000381469727,2.2100000381469727,2.2100000381469727,2.200000047683716,2.200000047683716,1300,GLOBE,2025-09
2025-09-10 08:55:00+00:00,2.2100000381469727,2.2100000381469727,2.2100000381469727,2.190000057220459,2.200000047683716,26780,GLOBE,2025-09
2025-09-10 09:00:00+00:00,2.2100000381469727,2.2100000381469727,2.2100000381469727,2.2100000381469727,2.2100000381469727,250,GLOBE,2025-09
2025-09-10 09:05:00+00:00,2.2100000381469727,2.2100000381469727,2.2100000381469727,2.190000057220459,2.200000047683716,3044,GLOBE,2025-09
2025-09-10 09:10:00+00:00,2.220000028610229,2.220000028610229,2.2300000190734863,2.2100000381469727,2.2100000381469727,57588,GLOBE,2025-09
2025-09-10 09:15:00+00:00,2.2100000381469727,2.2100000381469727,2.220000028610229,2.2100000381469727,2.220000028610229,0,GLOBE,2025-09
2025-09-10 09:25:00+00:00,2.2300000190734863,2.2300000190734863,2.2300000190734863,2.2100000381469727,2.2100000381469727,1028,GLOBE,2025-09
2025-09-10 09:30:00+00:00,2.220000028610229,2.220000028610229,2.2300000190734863,2.220000028610229,2.2300000190734863,556,GLOBE,2025-09
2025-09-10 09:35:00+00:00,2.220000028610229,2.220000028610229,2.2300000190734863,2.220000028610229,2.220000028610229,31046,GLOBE,2025-09
2025-09-10 09:40:00+00:00,2.2300000190734863,2.2300000190734863,2.2300000190734863,2.2300000190734863,2.2300000190734863,0,GLOBE,2025-09
2025-09-10 09:45:00+00:00,2.2300000190734863,2.2300000190734863,2.2300000190734863,2.2300000190734863,2.2300000190734863,9059,GLOBE,2025-09
2025-09-10 09:50:00+00:00,2.2300000190734863,2.2300000190734863,2.2300000190734863,2.2100000381469727,2.2300000190734863,26808,GLOBE,2025-09
2025-09-10 09:55:00+00:00,2.220000028610229,2.220000028610229,2.2300000190734863,2.2100000381469727,2.2300000190734863,14535,GLOBE,2025-09
2025-09-11 03:45:00+00:00,2.200000047683716,2.200000047683716,2.220000028610229,2.200000047683716,2.220000028610229,0,GLOBE,2025-09
2025-09-11 03:50:00+00:00,2.220000028610229,2.220000028610229,2.2300000190734863,2.200000047683716,2.2300000190734863,0,GLOBE,2025-09
2025-09-11 03:55:00+00:00,2.2300000190734863,2.2300000190734863,2.2300000190734863,2.2100000381469727,2.220000028610229,4093,GLOBE,2025-09
2025-09-11 04:00:00+00:00,2.220000028610229,2.220000028610229,2.2300000190734863,2.220000028610229,2.2300000190734863,6047,GLOBE,2025-09
2025-09-11 04:05:00+00:00,2.220000028610229,2.220000028610229,2.220000028610229,2.2100000381469727,2.2100000381469727,2803,GLOBE,2025-09
2025-09-11 04:10:00+00:00,2.2100000381469727,2.2100000381469727,2.220000028610229,2.2100000381469727,2.220000028610229,549,GLOBE,2025-09
2025-09-11 04:15:00+00:00,2.220000028610229,2.220000028610229,2.220000028610229,2.200000047683716,2.2100000381469727,13166,GLOBE,2025-09
2025-09-11 04:20:00+00:00,2.220000028610229,2.220000028610229,2.220000028610229,2.220000028610229,2.220000028610229,110,GLOBE,2025-09
2025-09-11 04:25:00+00:00,2.220000028610229,2.220000028610229,2.220000028610229,2.220000028610229,2.220000028610229,2421,GLOBE,2025-09
2025-09-11 04:30:00+00:00,2.220000028610229,2.220000028610229,2.220000028610229,2.220000028610229,2.220000028610229,0,GLOBE,2025-09
2025-09-11 04:35:00+00:00,2.2100000381469727,2.2100000381469727,2.220000028610229,2.200000047683716,2.2100000381469727,7670,GLOBE,2025-09
2025-09-11 04:40:00+00:00,2.200000047683716,2.200000047683716,2.2100000381469727,2.200000047683716,2.2100000381469727,24275,GLOBE,2025-09
2025-09-11 04:45:00+00:00,2.2100000381469727,2.2100000381469727,2.2100000381469727,2.2100000381469727,2.2100000381469727,0,GLOBE,2025-09
2025-09-11 04:50:00+00:00,2.220000028610229,2.220000028610229,2.220000028610229,2.200000047683716,2.200000047683716,6909,GLOBE,2025-09
2025-09-11 04:55:00+00:00,2.200000047683716,2.200000047683716,2.220000028610229,2.200000047683716,2.220000028610229,9645,GLOBE,2025-09
2025-09-11 05:00:00+00:00,2.220000028610229,2.220000028610229,2.220000028610229,2.220000028610229,2.220000028610229,0,GLOBE,2025-09
2025-09-11 05:05:00+00:00,2.220000028610229,2.220000028610229,2.220000028610229,2.220000028610229,2.220000028610229,300,GLOBE,2025-09
2025-09-11 05:10:00+00:00,2.200000047683716,2.200000047683716,2.220000028610229,2.200000047683716,2.220000028610229,11740,GLOBE,2025-09
2025-09-11 05:15:00+00:00,2.2100000381469727,2.2100000381469727,2.220000028610229,2.200000047683716,2.200000047683716,0,GLOBE,2025-09
2025-09-11 05:20:00+00:00,2.200000047683716,2.200000047683716,2.200000047683716,2.200000047683716,2.200000047683716,2305,GLOBE,2025-09
2025-09-11 05:25:00+00:00,2.220000028610229,2.220000028610229,2.220000028610229,2.220000028610229,2.220000028610229,2963,GLOBE,2025-09
2025-09-11 05:30:00+00:00,2.220000028610229,2.220000028610229,2.220000028610229,2.2100000381469727,2.2100000381469727,448,GLOBE,2025-09
2025-09-11 05:40:00+00:00,2.220000028610229,2.220000028610229,2.2300000190734863,2.2100000381469727,2.220000028610229,14282,GLOBE,2025-09
2025-09-11 05:45:00+00:00,2.2100000381469727,2.2100000381469727,2.2300000190734863,2.2100000381469727,2.2300000190734863,3267,GLOBE,2025-09
2025-09-11 05:50:00+00:00,2.2100000381469727,2.2100000381469727,2.2100000381469727,2.2100000381469727,2.2100000381469727,4004,GLOBE,2025-09
2025-09-11 05:55:00+00:00,2.2300000190734863,2.2300000190734863,2.240000009536743,2.2100000381469727,2.2100000381469727,12824,GLOBE,2025-09
2025-09-11 06:00:00+00:00,2.240000009536743,2.240000009536743,2.240000009536743,2.2300000190734863,2.2300000190734863,16883,GLOBE,2025-09
2025-09-11 06:05:00+00:00,2.2300000190734863,2.2300000190734863,2.240000009536743,2.220000028610229,2.2300000190734863,6212,GLOBE,2025-09
2025-09-11 06:10:00+00:00,2.2300000190734863,2.2300000190734863,2.2300000190734863,2.2300000190734863,2.2300000190734863,951,GLOBE,2025-09
2025-09-11 06:15:00+00:00,2.2300000190734863,2.2300000190734863,2.2300000190734863,2.2300000190734863,2.2300000190734863,5770,GLOBE,2025-09
2025-09-11 06:20:00+00:00,2.220000028610229,2.220000028610229,2.2300000190734863,2.220000028610229,2.2300000190734863,5000,GLOBE,2025-09
2025-09-11 06:25:00+00:00,2.220000028610229,2.220000028610229,2.220000028610229,2.220000028610229,2.220000028610229,4540,GLOBE,2025-09
2025-09-11 06:35:00+00:00,2.2300000190734863,2.2300000190734863,2.2300000190734863,2.2300000190734863,2.2300000190734863,603,GLOBE,2025-09
2025-09-11 06:40:00+00:00,2.220000028610229,2.220000028610229,2.220000028610229,2.220000028610229,2.220000028610229,19,GLOBE,2025-09
2025-09-11 06:50:00+00:00,2.2300000190734863,2.2300000190734863,2.2300000190734863,2.2100000381469727,2.2100000381469727,5701,GLOBE,2025-09
2025-09-11 06:55:00+00:00,2.200000047683716,2.200000047683716,2.200000047683716,2.200000047683716,2.200000047683716,61439,GLOBE,2025-09
2025-09-11 07:00:00+00:00,2.2100000381469727,2.2100000381469727,2.2300000190734863,2.2100000381469727,2.2300000190734863,0,GLOBE,2025-09
2025-09-11 07:05:00+00:00,2.2300000190734863,2.2300000190734863,2.2300000190734863,2.2100000381469727,2.2100000381469727,2814,GLOBE,2025-09
2025-09-11 07:10:00+00:00,2.2300000190734863,2.2300000190734863,2.2300000190734863,2.220000028610229,2.220000028610229,6,GLOBE,2025-09
2025-09-11 07:15:00+00:00,2.2300000190734863,2.2300000190734863,2.2300000190734863,2.2300000190734863,2.2300000190734863,1810,GLOBE,2025-09
2025-09-11 07:20:00+00:00,2.220000028610229,2.220000028610229,2.220000028610229,2.220000028610229,2.220000028610229,0,GLOBE,2025-09
2025-09-11 07:25:00+00:00,2.2100000381469727,2.2100000381469727,2.220000028610229,2.2100000381469727,2.220000028610229,470,GLOBE,2025-09
2025-09-11 07:30:00+00:00,2.220000028610229,2.220000028610229,2.220000028610229,2.220000028610229,2.220000028610229,0,GLOBE,2025-09
2025-09-11 07:35:00+00:00,2.220000028610229,2.220000028610229,2.220000028610229,2.220000028610229,2.220000028610229,617,GLOBE,2025-09
2025-09-11 07:40:00+00:00,2.2300000190734863,2.2300000190734863,2.2300000190734863,2.2100000381469727,2.2100000381469727,6,GLOBE,2025-09
2025-09-11 07:50:00+00:00,2.2100000381469727,2.2100000381469727,2.2300000190734863,2.2100000381469727,2.2300000190734863,1351,GLOBE,2025-09
2025-09-11 07:55:00+00:00,2.2300000190734863,2.2300000190734863,2.2300000190734863,2.2300000190734863,2.2300000190734863,0,GLOBE,2025-09
2025-09-11 08:00:00+00:00,2.2100000381469727,2.2100000381469727,2.2100000381469727,2.2100000381469727,2.2100000381469727,1184,GLOBE,2025-09
2025-09-11 08:05:00+00:00,2.2300000190734863,2.2300000190734863,2.2300000190734863,2.2300000190734863,2.2300000190734863,2588,GLOBE,2025-09
2025-09-11 08:10:00+00:00,2.220000028610229,2.220000028610229,2.220000028610229,2.2100000381469727,2.220000028610229,25,GLOBE,2025-09
2025-09-11 08:15:00+00:00,2.220000028610229,2.220000028610229,2.220000028610229,2.2100000381469727,2.220000028610229,20546,GLOBE,2025-09
2025-09-11 08:20:00+00:00,2.220000028610229,2.220000028610229,2.220000028610229,2.2100000381469727,2.2100000381469727,15426,GLOBE,2025-09
2025-09-11 08:25:00+00:00,2.220000028610229,2.220000028610229,2.220000028610229,2.2100000381469727,2.2100000381469727,43307,GLOBE,2025-09
2025-09-11 08:30:00+00:00,2.220000028610229,2.220000028610229,2.220000028610229,2.200000047683716,2.200000047683716,6040,GLOBE,2025-09
2025-09-11 08:35:00+00:00,2.2100000381469727,2.2100000381469727,2.2100000381469727,2.2100000381469727,2.2100000381469727,0,GLOBE,2025-09
2025-09-11 08:40:00+00:00,2.2100000381469727,2.2100000381469727,2.2100000381469727,2.2100000381469727,2.2100000381469727,301,GLOBE,2025-09
2025-09-11 08:50:00+00:00,2.220000028610229,2.220000028610229,2.220000028610229,2.220000028610229,2.220000028610229,1358,GLOBE,2025-09
2025-09-11 08:55:00+00:00,2.2100000381469727,2.2100000381469727,2.220000028610229,2.2100000381469727,2.220000028610229,424,GLOBE,2025-09
2025-09-11 09:00:00+00:00,2.220000028610229,2.220000028610229,2.220000028610229,2.2100000381469727,2.2100000381469727,1743,GLOBE,2025-09
2025-09-11 09:05:00+00:00,2.2100000381469727,2.2100000381469727,2.220000028610229,2.2100000381469727,2.2100000381469727,12717,GLOBE,2025-09
2025-09-11 09:10:00+00:00,2.220000028610229,2.220000028610229,2.220000028610229,2.220000028610229,2.220000028610229,0,GLOBE,2025-09
2025-09-11 09:15:00+00:00,2.2100000381469727,2.2100000381469727,2.220000028610229,2.2100000381469727,2.220000028610229,12354,GLOBE,2025-09
2025-09-11 09:20:00+00:00,2.2100000381469727,2.2100000381469727,2.2100000381469727,2.200000047683716,2.200000047683716,24208,GLOBE,2025-09
2025-09-11 09:25:00+00:00,2.2100000381469727,2.2100000381469727,2.2100000381469727,2.2100000381469727,2.2100000381469727,3116,GLOBE,2025-09
2025-09-11 09:30:00+00:00,2.2100000381469727,2.2100000381469727,2.2100000381469727,2.2100000381469727,2.2100000381469727,7583,GLOBE,2025-09
2025-09-11 09:35:00+00:00,2.200000047683716,2.200000047683716,2.200000047683716,2.200000047683716,2.200000047683716,6431,GLOBE,2025-09
2025-09-11 09:40:00+00:00,2.220000028610229,2.220000028610229,2.220000028610229,2.2100000381469727,2.2100000381469727,6,GLOBE,2025-09
2025-09-11 09:45:00+00:00,2.2100000381469727,2.2100000381469727,2.2300000190734863,2.2100000381469727,2.2100000381469727,27077,GLOBE,2025-09
2025-09-11 09:50:00+00:00,2.2300000190734863,2.2300000190734863,2.2300000190734863,2.2100000381469727,2.2100000381469727,0,GLOBE,2025-09
2025-09-11 09:55:00+00:00,2.220000028610229,2.220000028610229,2.2300000190734863,2.220000028610229,2.2300000190734863,0,GLOBE,2025-09
2025-09-12 03:45:00+00:00,2.220000028610229,2.220000028610229,2.240000009536743,2.220000028610229,2.220000028610229,5729,GLOBE,2025-09
2025-09-12 03:50:00+00:00,2.2100000381469727,2.2100000381469727,2.220000028610229,2.200000047683716,2.220000028610229,18184,GLOBE,2025-09
2025-09-12 03:55:00+00:00,2.200000047683716,2.200000047683716,2.220000028610229,2.200000047683716,2.220000028610229,0,GLOBE,2025-09
2025-09-12 04:00:00+00:00,2.2100000381469727,2.2100000381469727,2.220000028610229,2.2100000381469727,2.220000028610229,56,GLOBE,2025-09
2025-09-12 04:05:00+00:00,2.2100000381469727,2.2100000381469727,2.2100000381469727,2.190000057220459,2.190000057220459,10340,GLOBE,2025-09
2025-09-12 04:10:00+00:00,2.2100000381469727,2.2100000381469727,2.220000028610229,2.2100000381469727,2.2100000381469727,24299,GLOBE,2025-09
2025-09-12 04:15:00+00:00,2.220000028610229,2.220000028610229,2.220000028610229,2.2100000381469727,2.2100000381469727,0,GLOBE,2025-09
2025-09-12 04:20:00+00:00,2.220000028610229,2.220000028610229,2.220000028610229,2.220000028610229,2.220000028610229,3395,GLOBE,2025-09
2025-09-12 04:25:00+00:00,2.220000028610229,2.220000028610229,2.220000028610229,2.220000028610229,2.220000028610229,0,GLOBE,2025-09
2025-09-12 04:30:00+00:00,2.220000028610229,2.220000028610229,2.220000028610229,2.2100000381469727,2.2100000381469727,649,GLOBE,2025-09
2025-09-12 04:35:00+00:00,2.2100000381469727,2.2100000381469727,2.2100000381469727,2.2100000381469727,2.2100000381469727,94,GLOBE,2025-09
2025-09-12 04:40:00+00:00,2.2100000381469727,2.2100000381469727,2.220000028610229,2.2100000381469727,2.2100000381469727,3108,GLOBE,2025-09
2025-09-12 04:50:00+00:00,2.220000028610229,2.220000028610229,2.220000028610229,2.2100000381469727,2.2100000381469727,170,GLOBE,2025-09
2025-09-12 04:55:00+00:00,2.220000028610229,2.220000028610229,2.220000028610229,2.220000028610229,2.220000028610229,140,GLOBE,2025-09
2025-09-12 05:00:00+00:00,2.2100000381469727,2.2100000381469727,2.2100000381469727,2.2100000381469727,2.2100000381469727,939,GLOBE,2025-09
2025-09-12 05:05:00+00:00,2.2100000381469727,2.2100000381469727,2.220000028610229,2.2100000381469727,2.220000028610229,1259,GLOBE,2025-09
2025-09-12 05:10:00+00:00,2.2100000381469727,2.2100000381469727,2.2100000381469727,2.2100000381469727,2.2100000381469727,340,GLOBE,2025-09
2025-09-12 05:15:00+00:00,2.2100000381469727,2.2100000381469727,2.2100000381469727,2.2100000381469727,2.2100000381469727,2531,GLOBE,2025-09
2025-09-12 05:20:00+00:00,2.2100000381469727,2.2100000381469727,2.2100000381469727,2.2100000381469727,2.2100000381469727,0,GLOBE,2025-09
2025-09-12 05:25:00+00:00,2.2100000381469727,2.2100000381469727,2.2100000381469727,2.200000047683716,2.200000047683716,18049,GLOBE,2025-09
2025-09-12 05:30:00+00:00,2.200000047683716,2.200000047683716,2.200000047683716,2.200000047683716,2.200000047683716,0,GLOBE,2025-09
2025-09-12 05:40:00+00:00,2.2100000381469727,2.2100000381469727,2.2100000381469727,2.2100000381469727,2.2100000381469727,160,GLOBE,2025-09
2025-09-12 05:45:00+00:00,2.2100000381469727,2.2100000381469727,2.2100000381469727,2.2100000381469727,2.2100000381469727,21,GLOBE,2025-09
2025-09-12 05:50:00+00:00,2.2100000381469727,2.2100000381469727,2.2100000381469727,2.2100000381469727,2.2100000381469727,266,GLOBE,2025-09
2025-09-12 05:55:00+00:00,2.200000047683716,2.200000047683716,2.2100000381469727,2.200000047683716,2.200000047683716,112,GLOBE,2025-09
2025-09-12 06:00:00+00:00,2.2100000381469727,2.2100000381469727,2.2100000381469727,2.2100000381469727,2.2100000381469727,89,GLOBE,2025-09
2025-09-12 06:05:00+00:00,2.200000047683716,2.200000047683716,2.2100000381469727,2.200000047683716,2.2100000381469727,1020,GLOBE,2025-09
2025-09-12 06:10:00+00:00,2.2100000381469727,2.2100000381469727,2.2100000381469727,2.2100000381469727,2.2100000381469727,2719,GLOBE,2025-09
2025-09-12 06:15:00+00:00,2.200000047683716,2.200000047683716,2.2100000381469727,2.200000047683716,2.200000047683716,8499,GLOBE,2025-09
2025-09-12 06:20:00+00:00,2.200000047683716,2.200000047683716,2.200000047683716,2.200000047683716,2.200000047683716,0,GLOBE,2025-09
2025-09-12 06:25:00+00:00,2.200000047683716,2.200000047683716,2.200000047683716,2.200000047683716,2.200000047683716,108,GLOBE,2025-09
2025-09-12 06:30:00+00:00,2.200000047683716,2.200000047683716,2.200000047683716,2.190000057220459,2.200000047683716,5493,GLOBE,2025-09
2025-09-12 06:35:00+00:00,2.190000057220459,2.190000057220459,2.200000047683716,2.190000057220459,2.200000047683716,3000,GLOBE,2025-09
2025-09-12 06:40:00+00:00,2.200000047683716,2.200000047683716,2.200000047683716,2.190000057220459,2.190000057220459,25880,GLOBE,2025-09
2025-09-12 06:45:00+00:00,2.180000066757202,2.180000066757202,2.200000047683716,2.180000066757202,2.190000057220459,1250,GLOBE,2025-09
2025-09-12 06:50:00+00:00,2.200000047683716,2.200000047683716,2.200000047683716,2.190000057220459,2.190000057220459,2062,GLOBE,2025-09
2025-09-12 06:55:00+00:00,2.200000047683716,2.200000047683716,2.200000047683716,2.180000066757202,2.200000047683716,3311,GLOBE,2025-09
2025-09-12 07:00:00+00:00,2.180000066757202,2.180000066757202,2.180000066757202,2.180000066757202,2.180000066757202,7600,GLOBE,2025-09
2025-09-12 07:05:00+00:00,2.200000047683716,2.200000047683716,2.200000047683716,2.200000047683716,2.200000047683716,0,GLOBE,2025-09
2025-09-12 07:10:00+00:00,2.200000047683716,2.200000047683716,2.2100000381469727,2.200000047683716,2.200000047683716,9609,GLOBE,2025-09
2025-09-12 07:15:00+00:00,2.200000047683716,2.200000047683716,2.200000047683716,2.200000047683716,2.200000047683716,815,GLOBE,2025-09
2025-09-12 07:25:00+00:00,2.200000047683716,2.200000047683716,2.200000047683716,2.200000047683716,2.200000047683716,5982,GLOBE,2025-09
2025-09-12 07:30:00+00:00,2.190000057220459,2.190000057220459,2.200000047683716,2.190000057220459,2.200000047683716,193,GLOBE,2025-09
2025-09-12 07:35:00+00:00,2.200000047683716,2.200000047683716,2.200000047683716,2.190000057220459,2.190000057220459,643,GLOBE,2025-09
2025-09-12 07:40:00+00:00,2.200000047683716,2.200000047683716,2.200000047683716,2.190000057220459,2.200000047683716,343,GLOBE,2025-09
2025-09-12 07:50:00+00:00,2.200000047683716,2.200000047683716,2.200000047683716,2.200000047683716,2.200000047683716,382,GLOBE,2025-09
2025-09-12 07:55:00+00:00,2.190000057220459,2.190000057220459,2.2100000381469727,2.190000057220459,2.2100000381469727,20941,GLOBE,2025-09
2025-09-12 08:00:00+00:00,2.2100000381469727,2.2100000381469727,2.2100000381469727,2.2100000381469727,2.2100000381469727,0,GLOBE,2025-09
2025-09-12 08:10:00+00:00,2.2100000381469727,2.2100000381469727,2.2100000381469727,2.200000047683716,2.2100000381469727,732,GLOBE,2025-09
2025-09-12 08:15:00+00:00,2.2100000381469727,2.2100000381469727,2.2100000381469727,2.2100000381469727,2.2100000381469727,0,GLOBE,2025-09
2025-09-12 08:20:00+00:00,2.2100000381469727,2.2100000381469727,2.2100000381469727,2.2100000381469727,2.2100000381469727,115,GLOBE,2025-09
2025-09-12 08:25:00+00:00,2.200000047683716,2.200000047683716,2.200000047683716,2.200000047683716,2.200000047683716,1957,GLOBE,2025-09
2025-09-12 08:30:00+00:00,2.2100000381469727,2.2100000381469727,2.2100000381469727,2.2100000381469727,2.2100000381469727,1000,GLOBE,2025-09
2025-09-12 08:35:00+00:00,2.200000047683716,2.200000047683716,2.200000047683716,2.200000047683716,2.200000047683716,4024,GLOBE,2025-09
2025-09-12 08:45:00+00:00,2.2100000381469727,2.2100000381469727,2.2100000381469727,2.190000057220459,2.200000047683716,6545,GLOBE,2025-09
2025-09-12 08:50:00+00:00,2.2100000381469727,2.2100000381469727,2.2100000381469727,2.2100000381469727,2.2100000381469727,0,GLOBE,2025-09
2025-09-12 08:55:00+00:00,2.200000047683716,2.200000047683716,2.2100000381469727,2.200000047683716,2.2100000381469727,780,GLOBE,2025-09
2025-09-12 09:00:00+00:00,2.2100000381469727,2.2100000381469727,2.2100000381469727,2.2100000381469727,2.2100000381469727,170,GLOBE,2025-09
2025-09-12 09:05:00+00:00,2.200000047683716,2.200000047683716,2.2100000381469727,2.200000047683716,2.2100000381469727,3003,GLOBE,2025-09
2025-09-12 09:10:00+00:00,2.2100000381469727,2.2100000381469727,2.2100000381469727,2.2100000381469727,2.2100000381469727,756,GLOBE,2025-09
2025-09-12 09:15:00+00:00,2.200000047683716,2.200000047683716,2.2100000381469727,2.200000047683716,2.2100000381469727,204,GLOBE,2025-09
2025-09-12 09:20:00+00:00,2.200000047683716,2.200000047683716,2.200000047683716,2.190000057220459,2.200000047683716,2048,GLOBE,2025-09
2025-09-12 09:25:00+00:00,2.190000057220459,2.190000057220459,2.200000047683716,2.190000057220459,2.200000047683716,9314,GLOBE,2025-09
2025-09-12 09:30:00+00:00,2.200000047683716,2.200000047683716,2.200000047683716,2.200000047683716,2.200000047683716,352,GLOBE,2025-09
2025-09-12 09:35:00+00:00,2.2100000381469727,2.2100000381469727,2.2100000381469727,2.200000047683716,2.200000047683716,7892,GLOBE,2025-09
2025-09-12 09:40:00+00:00,2.200000047683716,2.200000047683716,2.200000047683716,2.200000047683716,2.200000047683716,1651,GLOBE,2025-09
2025-09-12 09:45:00+00:00,2.2100000381469727,2.2100000381469727,2.2100000381469727,2.2100000381469727,2.2100000381469727,10891,GLOBE,2025-09
2025-09-12 09:50:00+00:00,2.2100000381469727,2.2100000381469727,2.2100000381469727,2.200000047683716,2.2100000381469727,588,GLOBE,2025-09
2025-09-12 09:55:00+00:00,2.200000047683716,2.200000047683716,2.220000028610229,2.200000047683716,2.2100000381469727,0,GLOBE,2025-09
2025-09-15 03:45:00+00:00,2.190000057220459,2.190000057220459,2.200000047683716,2.190000057220459,2.200000047683716,0,GLOBE,2025-09
2025-09-15 03:55:00+00:00,2.190000057220459,2.190000057220459,2.200000047683716,2.180000066757202,2.200000047683716,12691,GLOBE,2025-09
2025-09-15 04:00:00+00:00,2.180000066757202,2.180000066757202,2.190000057220459,2.180000066757202,2.190000057220459,11993,GLOBE,2025-09
2025-09-15 04:05:00+00:00,2.190000057220459,2.190000057220459,2.190000057220459,2.180000066757202,2.180000066757202,17947,GLOBE,2025-09
2025-09-15 04:10:00+00:00,2.190000057220459,2.190000057220459,2.200000047683716,2.190000057220459,2.190000057220459,1126,GLOBE,2025-09
2025-09-15 04:15:00+00:00,2.200000047683716,2.200000047683716,2.2100000381469727,2.200000047683716,2.200000047683716,866,GLOBE,2025-09
2025-09-15 04:20:00+00:00,2.2100000381469727,2.2100000381469727,2.2100000381469727,2.2100000381469727,2.2100000381469727,177,GLOBE,2025-09
2025-09-15 04:25:00+00:00,2.200000047683716,2.200000047683716,2.2100000381469727,2.200000047683716,2.2100000381469727,4333,GLOBE,2025-09
2025-09-15 04:30:00+00:00,2.200000047683716,2.200000047683716,2.2100000381469727,2.190000057220459,2.2100000381469727,4044,GLOBE,2025-09
2025-09-15 04:35:00+00:00,2.200000047683716,2.200000047683716,2.200000047683716,2.190000057220459,2.190000057220459,2794,GLOBE,2025-09
2025-09-15 04:40:00+00:00,2.200000047683716,2.200000047683716,2.200000047683716,2.200000047683716,2.200000047683716,0,GLOBE,2025-09
2025-09-15 04:45:00+00:00,2.200000047683716,2.200000047683716,2.200000047683716,2.200000047683716,2.200000047683716,171,GLOBE,2025-09
2025-09-15 04:50:00+00:00,2.200000047683716,2.200000047683716,2.200000047683716,2.200000047683716,2.200000047683716,888,GLOBE,2025-09
2025-09-15 04:55:00+00:00,2.190000057220459,2.190000057220459,2.200000047683716,2.190000057220459,2.200000047683716,1420,GLOBE,2025-09
2025-09-15 05:00:00+00:00,2.200000047683716,2.200000047683716,2.200000047683716,2.190000057220459,2.190000057220459,1084,GLOBE,2025-09
2025-09-15 05:05:00+00:00,2.190000057220459,2.190000057220459,2.200000047683716,2.190000057220459,2.200000047683716,2292,GLOBE,2025-09
2025-09-15 05:10:00+00:00,2.190000057220459,2.190000057220459,2.200000047683716,2.190000057220459,2.200000047683716,0,GLOBE,2025-09
2025-09-15 05:20:00+00:00,2.190000057220459,2.190000057220459,2.200000047683716,2.190000057220459,2.190000057220459,95,GLOBE,2025-09
2025-09-15 05:25:00+00:00,2.200000047683716,2.200000047683716,2.200000047683716,2.200000047683716,2.200000047683716,79,GLOBE,2025-09
2025-09-15 05:30:00+00:00,2.190000057220459,2.190000057220459,2.200000047683716,2.190000057220459,2.200000047683716,1320,GLOBE,2025-09
2025-09-15 05:35:00+00:00,2.200000047683716,2.200000047683716,2.200000047683716,2.190000057220459,2.190000057220459,150,GLOBE,2025-09
2025-09-15 05:40:00+00:00,2.200000047683716,2.200000047683716,2.200000047683716,2.200000047683716,2.200000047683716,1500,GLOBE,2025-09
2025-09-15 05:45:00+00:00,2.200000047683716,2.200000047683716,2.200000047683716,2.200000047683716,2.200000047683716,300,GLOBE,2025-09
2025-09-15 05:55:00+00:00,2.190000057220459,2.190000057220459,2.190000057220459,2.190000057220459,2.190000057220459,8183,GLOBE,2025-09
2025-09-15 06:00:00+00:00,2.180000066757202,2.180000066757202,2.180000066757202,2.180000066757202,2.180000066757202,4218,GLOBE,2025-09
2025-09-15 06:05:00+00:00,2.200000047683716,2.200000047683716,2.200000047683716,2.200000047683716,2.200000047683716,2,GLOBE,2025-09
2025-09-15 06:10:00+00:00,2.190000057220459,2.190000057220459,2.200000047683716,2.190000057220459,2.200000047683716,1439,GLOBE,2025-09
2025-09-15 06:15:00+00:00,2.190000057220459,2.190000057220459,2.190000057220459,2.190000057220459,2.190000057220459,2725,GLOBE,2025-09
2025-09-15 06:20:00+00:00,2.190000057220459,2.190000057220459,2.190000057220459,2.180000066757202,2.180000066757202,5293,GLOBE,2025-09
2025-09-15 06:25:00+00:00,2.190000057220459,2.190000057220459,2.200000047683716,2.190000057220459,2.190000057220459,6458,GLOBE,2025-09
2025-09-15 06:30:00+00:00,2.200000047683716,2.200000047683716,2.200000047683716,2.200000047683716,2.200000047683716,0,GLOBE,2025-09
2025-09-15 06:35:00+00:00,2.200000047683716,2.200000047683716,2.200000047683716,2.190000057220459,2.190000057220459,10707,GLOBE,2025-09
2025-09-15 06:40:00+00:00,2.200000047683716,2.200000047683716,2.200000047683716,2.200000047683716,2.200000047683716,95,GLOBE,2025-09
2025-09-15 06:45:00+00:00,2.190000057220459,2.190000057220459,2.200000047683716,2.190000057220459,2.200000047683716,2231,GLOBE,2025-09
2025-09-15 06:50:00+00:00,2.190000057220459,2.190000057220459,2.190000057220459,2.180000066757202,2.180000066757202,18125,GLOBE,2025-09
2025-09-15 06:55:00+00:00,2.180000066757202,2.180000066757202,2.180000066757202,2.180000066757202,2.180000066757202,526,GLOBE,2025-09
2025-09-15 07:00:00+00:00,2.180000066757202,2.180000066757202,2.180000066757202,2.180000066757202,2.180000066757202,0,GLOBE,2025-09
2025-09-15 07:10:00+00:00,2.200000047683716,2.200000047683716,2.200000047683716,2.200000047683716,2.200000047683716,136,GLOBE,2025-09
2025-09-15 07:25:00+00:00,2.190000057220459,2.190000057220459,2.190000057220459,2.180000066757202,2.180000066757202,310,GLOBE,2025-09
2025-09-15 07:30:00+00:00,2.190000057220459,2.190000057220459,2.190000057220459,2.190000057220459,2.190000057220459,3820,GLOBE,2025-09
2025-09-15 07:40:00+00:00,2.200000047683716,2.200000047683716,2.200000047683716,2.200000047683716,2.200000047683716,1519,GLOBE,2025-09
2025-09-15 07:45:00+00:00,2.190000057220459,2.190000057220459,2.200000047683716,2.190000057220459,2.190000057220459,7538,GLOBE,2025-09
2025-09-15 07:50:00+00:00,2.190000057220459,2.190000057220459,2.190000057220459,2.190000057220459,2.190000057220459,24,GLOBE,2025-09
2025-09-15 07:55:00+00:00,2.190000057220459,2.190000057220459,2.190000057220459,2.190000057220459,2.190000057220459,208,GLOBE,2025-09
2025-09-15 08:00:00+00:00,2.190000057220459,2.190000057220459,2.200000047683716,2.190000057220459,2.190000057220459,2002,GLOBE,2025-09
2025-09-15 08:05:00+00:00,2.190000057220459,2.190000057220459,2.190000057220459,2.190000057220459,2.190000057220459,1454,GLOBE,2025-09
2025-09-15 08:10:00+00:00,2.190000057220459,2.190000057220459,2.190000057220459,2.190000057220459,2.190000057220459,2948,GLOBE,2025-09
2025-09-15 08:15:00+00:00,2.190000057220459,2.190000057220459,2.190000057220459,2.190000057220459,2.190000057220459,980,GLOBE,2025-09
2025-09-15 08:20:00+00:00,2.190000057220459,2.190000057220459,2.190000057220459,2.190000057220459,2.190000057220459,51,GLOBE,2025-09
2025-09-15 08:25:00+00:00,2.190000057220459,2.190000057220459,2.190000057220459,2.190000057220459,2.190000057220459,2162,GLOBE,2025-09
2025-09-15 08:30:00+00:00,2.200000047683716,2.200000047683716,2.200000047683716,2.200000047683716,2.200000047683716,1920,GLOBE,2025-09
2025-09-15 08:35:00+00:00,2.200000047683716,2.200000047683716,2.200000047683716,2.200000047683716,2.200000047683716,0,GLOBE,2025-09
2025-09-15 08:45:00+00:00,2.200000047683716,2.200000047683716,2.200000047683716,2.200000047683716,2.200000047683716,313,GLOBE,2025-09
2025-09-15 08:50:00+00:00,2.200000047683716,2.200000047683716,2.200000047683716,2.200000047683716,2.200000047683716,4990,GLOBE,2025-09
2025-09-15 09:00:00+00:00,2.200000047683716,2.200000047683716,2.200000047683716,2.200000047683716,2.200000047683716,32,GLOBE,2025-09
2025-09-15 09:05:00+00:00,2.190000057220459,2.190000057220459,2.200000047683716,2.180000066757202,2.200000047683716,15105,GLOBE,2025-09
2025-09-15 09:10:00+00:00,2.200000047683716,2.200000047683716,2.200000047683716,2.200000047683716,2.200000047683716,182,GLOBE,2025-09
2025-09-15 09:15:00+00:00,2.190000057220459,2.190000057220459,2.190000057220459,2.190000057220459,2.190000057220459,119,GLOBE,2025-09
2025-09-15 09:20:00+00:00,2.190000057220459,2.190000057220459,2.190000057220459,2.190000057220459,2.190000057220459,90,GLOBE,2025-09
2025-09-15 09:25:00+00:00,2.190000057220459,2.190000057220459,2.200000047683716,2.190000057220459,2.200000047683716,3497,GLOBE,2025-09
2025-09-15 09:30:00+00:00,2.190000057220459,2.190000057220459,2.200000047683716,2.190000057220459,2.200000047683716,562,GLOBE,2025-09
2025-09-15 09:35:00+00:00,2.190000057220459,2.190000057220459,2.200000047683716,2.190000057220459,2.190000057220459,2994,GLOBE,2025-09
2025-09-15 09:40:00+00:00,2.200000047683716,2.200000047683716,2.200000047683716,2.200000047683716,2.200000047683716,17119,GLOBE,2025-09
2025-09-15 09:45:00+00:00,2.190000057220459,2.190000057220459,2.200000047683716,2.190000057220459,2.190000057220459,2474,GLOBE,2025-09
2025-09-15 09:50:00+00:00,2.200000047683716,2.200000047683716,2.200000047683716,2.200000047683716,2.200000047683716,5201,GLOBE,2025-09
2025-09-15 09:55:00+00:00,2.190000057220459,2.190000057220459,2.200000047683716,2.190000057220459,2.200000047683716,0,GLOBE,2025-09
2025-09-16 03:45:00+00:00,2.2100000381469727,2.2100000381469727,2.220000028610229,2.2100000381469727,2.220000028610229,1357,GLOBE,2025-09
2025-09-16 03:50:00+00:00,2.200000047683716,2.200000047683716,2.2100000381469727,2.200000047683716,2.2100000381469727,6452,GLOBE,2025-09
2025-09-16 03:55:00+00:00,2.200000047683716,2.200000047683716,2.2100000381469727,2.190000057220459,2.200000047683716,3921,GLOBE,2025-09
2025-09-16 04:00:00+00:00,2.200000047683716,2.200000047683716,2.2100000381469727,2.190000057220459,2.200000047683716,2258,GLOBE,2025-09
2025-09-16 04:05:00+00:00,2.200000047683716,2.200000047683716,2.200000047683716,2.190000057220459,2.200000047683716,2520,GLOBE,2025-09
2025-09-16 04:10:00+00:00,2.200000047683716,2.200000047683716,2.200000047683716,2.200000047683716,2.200000047683716,783,GLOBE,2025-09
2025-09-16 04:15:00+00:00,2.200000047683716,2.200000047683716,2.200000047683716,2.200000047683716,2.200000047683716,0,GLOBE,2025-09
2025-09-16 04:20:00+00:00,2.200000047683716,2.200000047683716,2.200000047683716,2.190000057220459,2.200000047683716,2358,GLOBE,2025-09
2025-09-16 04:25:00+00:00,2.200000047683716,2.200000047683716,2.200000047683716,2.190000057220459,2.200000047683716,5010,GLOBE,2025-09
2025-09-16 04:30:00+00:00,2.200000047683716,2.200000047683716,2.200000047683716,2.190000057220459,2.200000047683716,3667,GLOBE,2025-09
2025-09-16 04:35:00+00:00,2.200000047683716,2.200000047683716,2.200000047683716,2.190000057220459,2.200000047683716,7036,GLOBE,2025-09
2025-09-16 04:40:00+00:00,2.200000047683716,2.200000047683716,2.200000047683716,2.200000047683716,2.200000047683716,21897,GLOBE,2025-09
2025-09-16 04:45:00+00:00,2.190000057220459,2.190000057220459,2.200000047683716,2.190000057220459,2.200000047683716,0,GLOBE,2025-09
2025-09-16 04:50:00+00:00,2.190000057220459,2.190000057220459,2.200000047683716,2.190000057220459,2.190000057220459,827,GLOBE,2025-09
2025-09-16 04:55:00+00:00,2.200000047683716,2.200000047683716,2.200000047683716,2.200000047683716,2.200000047683716,506,GLOBE,2025-09
2025-09-16 05:00:00+00:00,2.200000047683716,2.200000047683716,2.200000047683716,2.200000047683716,2.200000047683716,1287,GLOBE,2025-09
2025-09-16 05:10:00+00:00,2.200000047683716,2.200000047683716,2.200000047683716,2.200000047683716,2.200000047683716,15554,GLOBE,2025-09
2025-09-16 05:30:00+00:00,2.200000047683716,2.200000047683716,2.200000047683716,2.200000047683716,2.200000047683716,0,GLOBE,2025-09
2025-09-16 05:35:00+00:00,2.200000047683716,2.200000047683716,2.200000047683716,2.190000057220459,2.190000057220459,0,GLOBE,2025-09
2025-09-16 05:40:00+00:00,2.200000047683716,2.200000047683716,2.200000047683716,2.200000047683716,2.200000047683716,45,GLOBE,2025-09
2025-09-16 05:45:00+00:00,2.200000047683716,2.200000047683716,2.200000047683716,2.190000057220459,2.200000047683716,2199,GLOBE,2025-09
2025-09-16 05:50:00+00:00,2.200000047683716,2.200000047683716,2.200000047683716,2.190000057220459,2.190000057220459,4718,GLOBE,2025-09
2025-09-16 06:00:00+00:00,2.200000047683716,2.200000047683716,2.200000047683716,2.200000047683716,2.200000047683716,2036,GLOBE,2025-09
2025-09-16 06:05:00+00:00,2.200000047683716,2.200000047683716,2.200000047683716,2.190000057220459,2.190000057220459,9786,GLOBE,2025-09
2025-09-16 06:10:00+00:00,2.180000066757202,2.180000066757202,2.180000066757202,2.180000066757202,2.180000066757202,0,GLOBE,2025-09
2025-09-16 06:15:00+00:00,2.190000057220459,2.190000057220459,2.190000057220459,2.190000057220459,2.190000057220459,0,GLOBE,2025-09
2025-09-16 06:25:00+00:00,2.180000066757202,2.180000066757202,2.180000066757202,2.180000066757202,2.180000066757202,13139,GLOBE,2025-09
2025-09-16 06:30:00+00:00,2.180000066757202,2.180000066757202,2.180000066757202,2.180000066757202,2.180000066757202,0,GLOBE,2025-09
2025-09-16 06:35:00+00:00,2.180000066757202,2.180000066757202,2.180000066757202,2.180000066757202,2.180000066757202,0,GLOBE,2025-09
2025-09-16 06:45:00+00:00,2.200000047683716,2.200000047683716,2.200000047683716,2.180000066757202,2.200000047683716,1743,GLOBE,2025-09
2025-09-16 06:50:00+00:00,2.200000047683716,2.200000047683716,2.200000047683716,2.200000047683716,2.200000047683716,0,GLOBE,2025-09
2025-09-16 06:55:00+00:00,2.190000057220459,2.190000057220459,2.200000047683716,2.180000066757202,2.200000047683716,1563,GLOBE,2025-09
2025-09-16 07:05:00+00:00,2.200000047683716,2.200000047683716,2.200000047683716,2.200000047683716,2.200000047683716,3037,GLOBE,2025-09
2025-09-16 07:10:00+00:00,2.200000047683716,2.200000047683716,2.200000047683716,2.200000047683716,2.200000047683716,0,GLOBE,2025-09
2025-09-16 07:15:00+00:00,2.190000057220459,2.190000057220459,2.200000047683716,2.180000066757202,2.190000057220459,8797,GLOBE,2025-09
2025-09-16 07:20:00+00:00,2.200000047683716,2.200000047683716,2.200000047683716,2.200000047683716,2.200000047683716,253,GLOBE,2025-09
2025-09-16 07:25:00+00:00,2.200000047683716,2.200000047683716,2.200000047683716,2.200000047683716,2.200000047683716,2002,GLOBE,2025-09
2025-09-16 07:30:00+00:00,2.180000066757202,2.180000066757202,2.200000047683716,2.180000066757202,2.180000066757202,0,GLOBE,2025-09
2025-09-16 07:35:00+00:00,2.200000047683716,2.200000047683716,2.200000047683716,2.200000047683716,2.200000047683716,2047,GLOBE,2025-09
2025-09-16 07:40:00+00:00,2.200000047683716,2.200000047683716,2.200000047683716,2.200000047683716,2.200000047683716,2,GLOBE,2025-09
2025-09-16 08:25:00+00:00,2.200000047683716,2.200000047683716,2.200000047683716,2.180000066757202,2.180000066757202,58896,GLOBE,2025-09
2025-09-16 08:30:00+00:00,2.200000047683716,2.200000047683716,2.200000047683716,2.200000047683716,2.200000047683716,2385,GLOBE,2025-09
2025-09-16 08:35:00+00:00,2.190000057220459,2.190000057220459,2.200000047683716,2.190000057220459,2.200000047683716,0,GLOBE,2025-09
2025-09-16 08:40:00+00:00,2.180000066757202,2.180000066757202,2.190000057220459,2.180000066757202,2.190000057220459,10069,GLOBE,2025-09
2025-09-16 08:45:00+00:00,2.190000057220459,2.190000057220459,2.190000057220459,2.180000066757202,2.180000066757202,58,GLOBE,2025-09
2025-09-16 08:50:00+00:00,2.180000066757202,2.180000066757202,2.180000066757202,2.180000066757202,2.180000066757202,754,GLOBE,2025-09
2025-09-16 08:55:00+00:00,2.180000066757202,2.180000066757202,2.190000057220459,2.180000066757202,2.190000057220459,5272,GLOBE,2025-09
2025-09-16 09:00:00+00:00,2.190000057220459,2.190000057220459,2.190000057220459,2.180000066757202,2.180000066757202,928,GLOBE,2025-09
2025-09-16 09:05:00+00:00,2.190000057220459,2.190000057220459,2.190000057220459,2.190000057220459,2.190000057220459,0,GLOBE,2025-09
2025-09-16 09:10:00+00:00,2.190000057220459,2.190000057220459,2.190000057220459,2.180000066757202,2.180000066757202,20184,GLOBE,2025-09
2025-09-16 09:30:00+00:00,2.190000057220459,2.190000057220459,2.190000057220459,2.190000057220459,2.190000057220459,4563,GLOBE,2025-09
2025-09-16 09:35:00+00:00,2.190000057220459,2.190000057220459,2.190000057220459,2.180000066757202,2.180000066757202,1736,GLOBE,2025-09
2025-09-16 09:40:00+00:00,2.190000057220459,2.190000057220459,2.190000057220459,2.190000057220459,2.190000057220459,0,GLOBE,2025-09
2025-09-16 09:55:00+00:00,2.180000066757202,2.180000066757202,2.180000066757202,2.180000066757202,2.180000066757202,0,GLOBE,2025-09
2025-09-17 03:45:00+00:00,2.190000057220459,2.190000057220459,2.200000047683716,2.180000066757202,2.180000066757202,1463,GLOBE,2025-09
2025-09-17 03:50:00+00:00,2.200000047683716,2.200000047683716,2.200000047683716,2.180000066757202,2.190000057220459,12363,GLOBE,2025-09
2025-09-17 03:55:00+00:00,2.200000047683716,2.200000047683716,2.200000047683716,2.200000047683716,2.200000047683716,0,GLOBE,2025-09
2025-09-17 04:00:00+00:00,2.190000057220459,2.190000057220459,2.200000047683716,2.190000057220459,2.200000047683716,3615,GLOBE,2025-09
2025-09-17 04:05:00+00:00,2.200000047683716,2.200000047683716,2.200000047683716,2.190000057220459,2.200000047683716,10354,GLOBE,2025-09
2025-09-17 04:10:00+00:00,2.200000047683716,2.200000047683716,2.200000047683716,2.190000057220459,2.200000047683716,8734,GLOBE,2025-09
2025-09-17 04:15:00+00:00,2.200000047683716,2.200000047683716,2.200000047683716,2.200000047683716,2.200000047683716,1,GLOBE,2025-09
2025-09-17 04:20:00+00:00,2.200000047683716,2.200000047683716,2.200000047683716,2.200000047683716,2.200000047683716,2017,GLOBE,2025-09
2025-09-17 04:25:00+00:00,2.200000047683716,2.200000047683716,2.200000047683716,2.200000047683716,2.200000047683716,7208,GLOBE,2025-09
2025-09-17 04:30:00+00:00,2.190000057220459,2.190000057220459,2.200000047683716,2.190000057220459,2.200000047683716,0,GLOBE,2025-09
2025-09-17 04:35:00+00:00,2.180000066757202,2.180000066757202,2.190000057220459,2.180000066757202,2.190000057220459,32129,GLOBE,2025-09
2025-09-17 04:40:00+00:00,2.190000057220459,2.190000057220459,2.190000057220459,2.180000066757202,2.190000057220459,0,GLOBE,2025-09
2025-09-17 04:45:00+00:00,2.190000057220459,2.190000057220459,2.190000057220459,2.190000057220459,2.190000057220459,1291,GLOBE,2025-09
2025-09-17 04:50:00+00:00,2.200000047683716,2.200000047683716,2.200000047683716,2.190000057220459,2.200000047683716,2514,GLOBE,2025-09
2025-09-17 04:55:00+00:00,2.190000057220459,2.190000057220459,2.190000057220459,2.190000057220459,2.190000057220459,3498,GLOBE,2025-09
2025-09-17 05:00:00+00:00,2.190000057220459,2.190000057220459,2.200000047683716,2.190000057220459,2.200000047683716,1819,GLOBE,2025-09
2025-09-17 05:05:00+00:00,2.200000047683716,2.200000047683716,2.200000047683716,2.200000047683716,2.200000047683716,0,GLOBE,2025-09
2025-09-17 05:10:00+00:00,2.200000047683716,2.200000047683716,2.200000047683716,2.200000047683716,2.200000047683716,796,GLOBE,2025-09
2025-09-17 05:15:00+00:00,2.190000057220459,2.190000057220459,2.200000047683716,2.190000057220459,2.200000047683716,58360,GLOBE,2025-09
2025-09-17 05:20:00+00:00,2.190000057220459,2.190000057220459,2.190000057220459,2.190000057220459,2.190000057220459,49,GLOBE,2025-09
2025-09-17 05:25:00+00:00,2.200000047683716,2.200000047683716,2.200000047683716,2.190000057220459,2.190000057220459,195,GLOBE,2025-09
2025-09-17 05:35:00+00:00,2.200000047683716,2.200000047683716,2.200000047683716,2.200000047683716,2.200000047683716,0,GLOBE,2025-09
2025-09-17 05:40:00+00:00,2.190000057220459,2.190000057220459,2.200000047683716,2.190000057220459,2.200000047683716,4500,GLOBE,2025-09
2025-09-17 05:45:00+00:00,2.200000047683716,2.200000047683716,2.200000047683716,2.190000057220459,2.190000057220459,4790,GLOBE,2025-09
2025-09-17 05:50:00+00:00,2.200000047683716,2.200000047683716,2.200000047683716,2.190000057220459,2.200000047683716,18212,GLOBE,2025-09
2025-09-17 05:55:00+00:00,2.200000047683716,2.200000047683716,2.200000047683716,2.200000047683716,2.200000047683716,15614,GLOBE,2025-09
2025-09-17 06:00:00+00:00,2.200000047683716,2.200000047683716,2.200000047683716,2.200000047683716,2.200000047683716,9251,GLOBE,2025-09
2025-09-17 06:05:00+00:00,2.2100000381469727,2.2100000381469727,2.2100000381469727,2.2100000381469727,2.2100000381469727,12,GLOBE,2025-09
2025-09-17 06:10:00+00:00,2.2100000381469727,2.2100000381469727,2.2100000381469727,2.2100000381469727,2.2100000381469727,305,GLOBE,2025-09
2025-09-17 06:15:00+00:00,2.200000047683716,2.200000047683716,2.200000047683716,2.200000047683716,2.200000047683716,100,GLOBE,2025-09
2025-09-17 06:20:00+00:00,2.2300000190734863,2.2300000190734863,2.2300000190734863,2.2100000381469727,2.2100000381469727,24920,GLOBE,2025-09
2025-09-17 06:25:00+00:00,2.2300000190734863,2.2300000190734863,2.2300000190734863,2.220000028610229,2.2300000190734863,2262,GLOBE,2025-09
2025-09-17 06:30:00+00:00,2.220000028610229,2.220000028610229,2.220000028610229,2.220000028610229,2.220000028610229,637,GLOBE,2025-09
2025-09-17 06:35:00+00:00,2.2300000190734863,2.2300000190734863,2.2300000190734863,2.2300000190734863,2.2300000190734863,689,GLOBE,2025-09
2025-09-17 06:40:00+00:00,2.2300000190734863,2.2300000190734863,2.2300000190734863,2.2300000190734863,2.2300000190734863,4498,GLOBE,2025-09
2025-09-17 06:45:00+00:00,2.220000028610229,2.220000028610229,2.220000028610229,2.220000028610229,2.220000028610229,10286,GLOBE,2025-09
2025-09-17 06:50:00+00:00,2.220000028610229,2.220000028610229,2.220000028610229,2.220000028610229,2.220000028610229,5659,GLOBE,2025-09
2025-09-17 06:55:00+00:00,2.2300000190734863,2.2300000190734863,2.2300000190734863,2.2100000381469727,2.2100000381469727,0,GLOBE,2025-09
2025-09-17 07:00:00+00:00,2.2300000190734863,2.2300000190734863,2.2300000190734863,2.2300000190734863,2.2300000190734863,4370,GLOBE,2025-09
2025-09-17 07:05:00+00:00,2.2300000190734863,2.2300000190734863,2.2300000190734863,2.2300000190734863,2.2300000190734863,182,GLOBE,2025-09
2025-09-17 07:10:00+00:00,2.2300000190734863,2.2300000190734863,2.2300000190734863,2.220000028610229,2.220000028610229,469,GLOBE,2025-09
2025-09-17 07:15:00+00:00,2.220000028610229,2.220000028610229,2.2300000190734863,2.220000028610229,2.2300000190734863,810,GLOBE,2025-09
2025-09-17 07:20:00+00:00,2.2300000190734863,2.2300000190734863,2.2300000190734863,2.2300000190734863,2.2300000190734863,516,GLOBE,2025-09
2025-09-17 07:25:00+00:00,2.2300000190734863,2.2300000190734863,2.2300000190734863,2.2300000190734863,2.2300000190734863,7800,GLOBE,2025-09
2025-09-17 07:30:00+00:00,2.2300000190734863,2.2300000190734863,2.2300000190734863,2.2300000190734863,2.2300000190734863,0,GLOBE,2025-09
2025-09-17 07:35:00+00:00,2.2300000190734863,2.2300000190734863,2.2300000190734863,2.2300000190734863,2.2300000190734863,200,GLOBE,2025-09
2025-09-17 07:40:00+00:00,2.220000028610229,2.220000028610229,2.220000028610229,2.220000028610229,2.220000028610229,3500,GLOBE,2025-09
2025-09-17 07:50:00+00:00,2.220000028610229,2.220000028610229,2.220000028610229,2.2100000381469727,2.220000028610229,0,GLOBE,2025-09
2025-09-17 08:00:00+00:00,2.220000028610229,2.220000028610229,2.220000028610229,2.220000028610229,2.220000028610229,10001,GLOBE,2025-09
2025-09-17 08:05:00+00:00,2.220000028610229,2.220000028610229,2.220000028610229,2.220000028610229,2.220000028610229,0,GLOBE,2025-09
2025-09-17 08:10:00+00:00,2.2100000381469727,2.2100000381469727,2.2100000381469727,2.2100000381469727,2.2100000381469727,9,GLOBE,2025-09
2025-09-17 08:20:00+00:00,2.220000028610229,2.220000028610229,2.220000028610229,2.220000028610229,2.220000028610229,3138,GLOBE,2025-09
2025-09-17 08:25:00+00:00,2.220000028610229,2.220000028610229,2.220000028610229,2.2100000381469727,2.2100000381469727,937,GLOBE,2025-09
2025-09-17 08:30:00+00:00,2.220000028610229,2.220000028610229,2.220000028610229,2.220000028610229,2.220000028610229,2598,GLOBE,2025-09
2025-09-17 08:35:00+00:00,2.2100000381469727,2.2100000381469727,2.220000028610229,2.2100000381469727,2.220000028610229,256,GLOBE,2025-09
2025-09-17 08:40:00+00:00,2.220000028610229,2.220000028610229,2.220000028610229,2.220000028610229,2.220000028610229,400,GLOBE,2025-09
2025-09-17 08:45:00+00:00,2.220000028610229,2.220000028610229,2.220000028610229,2.2100000381469727,2.220000028610229,404,GLOBE,2025-09
2025-09-17 08:50:00+00:00,2.220000028610229,2.220000028610229,2.220000028610229,2.2100000381469727,2.220000028610229,2415,GLOBE,2025-09
2025-09-17 08:55:00+00:00,2.220000028610229,2.220000028610229,2.220000028610229,2.220000028610229,2.220000028610229,100,GLOBE,2025-09
2025-09-17 09:10:00+00:00,2.2100000381469727,2.2100000381469727,2.220000028610229,2.2100000381469727,2.220000028610229,3085,GLOBE,2025-09
2025-09-17 09:20:00+00:00,2.220000028610229,2.220000028610229,2.220000028610229,2.2100000381469727,2.2100000381469727,0,GLOBE,2025-09
2025-09-17 09:25:00+00:00,2.2100000381469727,2.2100000381469727,2.220000028610229,2.2100000381469727,2.220000028610229,1064,GLOBE,2025-09
2025-09-17 09:35:00+00:00,2.2100000381469727,2.2100000381469727,2.220000028610229,2.2100000381469727,2.2100000381469727,8086,GLOBE,2025-09
2025-09-17 09:40:00+00:00,2.220000028610229,2.220000028610229,2.220000028610229,2.2100000381469727,2.2100000381469727,1448,GLOBE,2025-09
2025-09-17 09:45:00+00:00,2.200000047683716,2.200000047683716,2.2100000381469727,2.200000047683716,2.2100000381469727,3146,GLOBE,2025-09
2025-09-17 09:50:00+00:00,2.2300000190734863,2.2300000190734863,2.2300000190734863,2.2100000381469727,2.2100000381469727,59691,GLOBE,2025-09
2025-09-17 09:55:00+00:00,2.2100000381469727,2.2100000381469727,2.2300000190734863,2.200000047683716,2.2300000190734863,828,GLOBE,2025-09
2025-09-18 03:45:00+00:00,2.200000047683716,2.200000047683716,2.240000009536743,2.200000047683716,2.2300000190734863,0,GLOBE,2025-09
2025-09-18 03:50:00+00:00,2.190000057220459,2.190000057220459,2.200000047683716,2.190000057220459,2.200000047683716,0,GLOBE,2025-09
2025-09-18 03:55:00+00:00,2.200000047683716,2.200000047683716,2.200000047683716,2.190000057220459,2.190000057220459,23297,GLOBE,2025-09
2025-09-18 04:00:00+00:00,2.200000047683716,2.200000047683716,2.2100000381469727,2.200000047683716,2.2100000381469727,604,GLOBE,2025-09
2025-09-18 04:05:00+00:00,2.200000047683716,2.200000047683716,2.2100000381469727,2.190000057220459,2.190000057220459,2702,GLOBE,2025-09
2025-09-18 04:10:00+00:00,2.200000047683716,2.200000047683716,2.2100000381469727,2.200000047683716,2.2100000381469727,1216,GLOBE,2025-09
2025-09-18 04:15:00+00:00,2.200000047683716,2.200000047683716,2.200000047683716,2.200000047683716,2.200000047683716,2292,GLOBE,2025-09
2025-09-18 04:20:00+00:00,2.200000047683716,2.200000047683716,2.200000047683716,2.200000047683716,2.200000047683716,491,GLOBE,2025-09
2025-09-18 04:25:00+00:00,2.200000047683716,2.200000047683716,2.2100000381469727,2.190000057220459,2.200000047683716,19518,GLOBE,2025-09
2025-09-18 04:30:00+00:00,2.2100000381469727,2.2100000381469727,2.2100000381469727,2.2100000381469727,2.2100000381469727,1643,GLOBE,2025-09
2025-09-18 04:35:00+00:00,2.190000057220459,2.190000057220459,2.190000057220459,2.190000057220459,2.190000057220459,5656,GLOBE,2025-09
2025-09-18 04:40:00+00:00,2.200000047683716,2.200000047683716,2.2100000381469727,2.200000047683716,2.2100000381469727,0,GLOBE,2025-09
2025-09-18 04:45:00+00:00,2.200000047683716,2.200000047683716,2.2100000381469727,2.200000047683716,2.2100000381469727,8740,GLOBE,2025-09
2025-09-18 04:50:00+00:00,2.2100000381469727,2.2100000381469727,2.2100000381469727,2.2100000381469727,2.2100000381469727,0,GLOBE,2025-09
2025-09-18 04:55:00+00:00,2.2100000381469727,2.2100000381469727,2.2100000381469727,2.2100000381469727,2.2100000381469727,2,GLOBE,2025-09
2025-09-18 05:00:00+00:00,2.2100000381469727,2.2100000381469727,2.2100000381469727,2.2100000381469727,2.2100000381469727,2702,GLOBE,2025-09
2025-09-18 05:05:00+00:00,2.200000047683716,2.200000047683716,2.2100000381469727,2.200000047683716,2.2100000381469727,17,GLOBE,2025-09
2025-09-18 05:10:00+00:00,2.2100000381469727,2.2100000381469727,2.2100000381469727,2.200000047683716,2.200000047683716,10032,GLOBE,2025-09
2025-09-18 05:15:00+00:00,2.2100000381469727,2.2100000381469727,2.2100000381469727,2.200000047683716,2.200000047683716,1097,GLOBE,2025-09
2025-09-18 05:20:00+00:00,2.200000047683716,2.200000047683716,2.2100000381469727,2.200000047683716,2.2100000381469727,5910,GLOBE,2025-09
2025-09-18 05:25:00+00:00,2.2100000381469727,2.2100000381469727,2.2100000381469727,2.2100000381469727,2.2100000381469727,4000,GLOBE,2025-09
2025-09-18 05:30:00+00:00,2.2100000381469727,2.2100000381469727,2.2100000381469727,2.2100000381469727,2.2100000381469727,2000,GLOBE,2025-09
2025-09-18 05:35:00+00:00,2.220000028610229,2.220000028610229,2.220000028610229,2.220000028610229,2.220000028610229,11279,GLOBE,2025-09
2025-09-18 05:40:00+00:00,2.220000028610229,2.220000028610229,2.2300000190734863,2.220000028610229,2.220000028610229,19593,GLOBE,2025-09
2025-09-18 05:45:00+00:00,2.2100000381469727,2.2100000381469727,2.2100000381469727,2.2100000381469727,2.2100000381469727,0,GLOBE,2025-09
2025-09-18 05:50:00+00:00,2.220000028610229,2.220000028610229,2.220000028610229,2.220000028610229,2.220000028610229,470,GLOBE,2025-09
2025-09-18 05:55:00+00:00,2.2100000381469727,2.2100000381469727,2.2100000381469727,2.2100000381469727,2.2100000381469727,16,GLOBE,2025-09
2025-09-18 06:00:00+00:00,2.2100000381469727,2.2100000381469727,2.2100000381469727,2.2100000381469727,2.2100000381469727,993,GLOBE,2025-09
2025-09-18 06:05:00+00:00,2.2100000381469727,2.2100000381469727,2.220000028610229,2.2100000381469727,2.220000028610229,1785,GLOBE,2025-09
2025-09-18 06:10:00+00:00,2.2100000381469727,2.2100000381469727,2.2300000190734863,2.2100000381469727,2.2300000190734863,547,GLOBE,2025-09
2025-09-18 06:15:00+00:00,2.2300000190734863,2.2300000190734863,2.2300000190734863,2.2300000190734863,2.2300000190734863,2053,GLOBE,2025-09
2025-09-18 06:20:00+00:00,2.220000028610229,2.220000028610229,2.220000028610229,2.220000028610229,2.220000028610229,0,GLOBE,2025-09
2025-09-18 06:30:00+00:00,2.220000028610229,2.220000028610229,2.220000028610229,2.220000028610229,2.220000028610229,2170,GLOBE,2025-09
2025-09-18 06:35:00+00:00,2.2300000190734863,2.2300000190734863,2.2300000190734863,2.220000028610229,2.220000028610229,510,GLOBE,2025-09
2025-09-18 06:40:00+00:00,2.2300000190734863,2.2300000190734863,2.2300000190734863,2.2300000190734863,2.2300000190734863,83,GLOBE,2025-09
2025-09-18 06:45:00+00:00,2.220000028610229,2.220000028610229,2.220000028610229,2.220000028610229,2.220000028610229,167,GLOBE,2025-09
2025-09-18 06:50:00+00:00,2.2300000190734863,2.2300000190734863,2.2300000190734863,2.2300000190734863,2.2300000190734863,776,GLOBE,2025-09
2025-09-18 06:55:00+00:00,2.2300000190734863,2.2300000190734863,2.2300000190734863,2.2300000190734863,2.2300000190734863,360,GLOBE,2025-09
2025-09-18 07:00:00+00:00,2.2300000190734863,2.2300000190734863,2.2300000190734863,2.2300000190734863,2.2300000190734863,1423,GLOBE,2025-09
2025-09-18 07:05:00+00:00,2.220000028610229,2.220000028610229,2.220000028610229,2.220000028610229,2.220000028610229,434,GLOBE,2025-09
2025-09-18 07:10:00+00:00,2.2100000381469727,2.2100000381469727,2.220000028610229,2.2100000381469727,2.2100000381469727,549,GLOBE,2025-09
2025-09-18 07:15:00+00:00,2.2100000381469727,2.2100000381469727,2.2100000381469727,2.2100000381469727,2.2100000381469727,380,GLOBE,2025-09
2025-09-18 07:20:00+00:00,2.2100000381469727,2.2100000381469727,2.2100000381469727,2.2100000381469727,2.2100000381469727,50,GLOBE,2025-09
2025-09-18 07:25:00+00:00,2.220000028610229,2.220000028610229,2.220000028610229,2.2100000381469727,2.2100000381469727,5006,GLOBE,2025-09
2025-09-18 07:30:00+00:00,2.220000028610229,2.220000028610229,2.220000028610229,2.220000028610229,2.220000028610229,214,GLOBE,2025-09
2025-09-18 07:35:00+00:00,2.220000028610229,2.220000028610229,2.220000028610229,2.220000028610229,2.220000028610229,827,GLOBE,2025-09
2025-09-18 07:40:00+00:00,2.220000028610229,2.220000028610229,2.220000028610229,2.2100000381469727,2.2100000381469727,372,GLOBE,2025-09
2025-09-18 07:45:00+00:00,2.200000047683716,2.200000047683716,2.2100000381469727,2.200000047683716,2.2100000381469727,16240,GLOBE,2025-09
2025-09-18 07:55:00+00:00,2.220000028610229,2.220000028610229,2.220000028610229,2.220000028610229,2.220000028610229,400,GLOBE,2025-09
2025-09-18 08:00:00+00:00,2.220000028610229,2.220000028610229,2.220000028610229,2.220000028610229,2.220000028610229,9073,GLOBE,2025-09
2025-09-18 08:10:00+00:00,2.2100000381469727,2.2100000381469727,2.220000028610229,2.2100000381469727,2.2100000381469727,6400,GLOBE,2025-09
2025-09-18 08:15:00+00:00,2.220000028610229,2.220000028610229,2.220000028610229,2.220000028610229,2.220000028610229,0,GLOBE,2025-09
2025-09-18 08:20:00+00:00,2.220000028610229,2.220000028610229,2.220000028610229,2.2100000381469727,2.2100000381469727,2575,GLOBE,2025-09
2025-09-18 08:35:00+00:00,2.2100000381469727,2.2100000381469727,2.2100000381469727,2.2100000381469727,2.2100000381469727,800,GLOBE,2025-09
2025-09-18 08:40:00+00:00,2.2100000381469727,2.2100000381469727,2.2100000381469727,2.2100000381469727,2.2100000381469727,600,GLOBE,2025-09
2025-09-18 08:45:00+00:00,2.200000047683716,2.200000047683716,2.220000028610229,2.200000047683716,2.220000028610229,26560,GLOBE,2025-09
2025-09-18 08:50:00+00:00,2.190000057220459,2.190000057220459,2.190000057220459,2.190000057220459,2.190000057220459,159177,GLOBE,2025-09
2025-09-18 09:00:00+00:00,2.190000057220459,2.190000057220459,2.190000057220459,2.190000057220459,2.190000057220459,23017,GLOBE,2025-09
2025-09-18 09:05:00+00:00,2.190000057220459,2.190000057220459,2.190000057220459,2.180000066757202,2.180000066757202,106,GLOBE,2025-09
2025-09-18 09:10:00+00:00,2.180000066757202,2.180000066757202,2.180000066757202,2.180000066757202,2.180000066757202,9499,GLOBE,2025-09
2025-09-18 09:15:00+00:00,2.190000057220459,2.190000057220459,2.190000057220459,2.190000057220459,2.190000057220459,0,GLOBE,2025-09
2025-09-18 09:20:00+00:00,2.190000057220459,2.190000057220459,2.190000057220459,2.190000057220459,2.190000057220459,842,GLOBE,2025-09
2025-09-18 09:25:00+00:00,2.180000066757202,2.180000066757202,2.190000057220459,2.180000066757202,2.190000057220459,7634,GLOBE,2025-09
2025-09-18 09:30:00+00:00,2.190000057220459,2.190000057220459,2.190000057220459,2.180000066757202,2.180000066757202,1256,GLOBE,2025-09
2025-09-18 09:35:00+00:00,2.190000057220459,2.190000057220459,2.190000057220459,2.180000066757202,2.180000066757202,41529,GLOBE,2025-09
2025-09-18 09:40:00+00:00,2.200000047683716,2.200000047683716,2.200000047683716,2.200000047683716,2.200000047683716,964,GLOBE,2025-09
2025-09-18 09:45:00+00:00,2.190000057220459,2.190000057220459,2.200000047683716,2.190000057220459,2.200000047683716,8502,GLOBE,2025-09
2025-09-18 09:50:00+00:00,2.200000047683716,2.200000047683716,2.200000047683716,2.190000057220459,2.190000057220459,1510,GLOBE,2025-09
2025-09-18 09:55:00+00:00,2.180000066757202,2.180000066757202,2.200000047683716,2.180000066757202,2.200000047683716,4838,GLOBE,2025-09
2025-09-19 03:45:00+00:00,2.2100000381469727,2.2100000381469727,2.2100000381469727,2.180000066757202,2.180000066757202,0,GLOBE,2025-09
2025-09-19 03:50:00+00:00,2.190000057220459,2.190000057220459,2.2100000381469727,2.190000057220459,2.2100000381469727,8772,GLOBE,2025-09
2025-09-19 03:55:00+00:00,2.200000047683716,2.200000047683716,2.200000047683716,2.190000057220459,2.190000057220459,8467,GLOBE,2025-09
2025-09-19 04:00:00+00:00,2.190000057220459,2.190000057220459,2.200000047683716,2.190000057220459,2.200000047683716,3661,GLOBE,2025-09
2025-09-19 04:05:00+00:00,2.190000057220459,2.190000057220459,2.200000047683716,2.190000057220459,2.200000047683716,4358,GLOBE,2025-09
2025-09-19 04:10:00+00:00,2.200000047683716,2.200000047683716,2.200000047683716,2.190000057220459,2.190000057220459,541,GLOBE,2025-09
2025-09-19 04:15:00+00:00,2.200000047683716,2.200000047683716,2.200000047683716,2.200000047683716,2.200000047683716,6,GLOBE,2025-09
2025-09-19 04:20:00+00:00,2.200000047683716,2.200000047683716,2.200000047683716,2.190000057220459,2.190000057220459,4774,GLOBE,2025-09
2025-09-19 04:25:00+00:00,2.200000047683716,2.200000047683716,2.200000047683716,2.190000057220459,2.190000057220459,17803,GLOBE,2025-09
2025-09-19 04:30:00+00:00,2.200000047683716,2.200000047683716,2.2100000381469727,2.200000047683716,2.200000047683716,12498,GLOBE,2025-09
2025-09-19 04:35:00+00:00,2.200000047683716,2.200000047683716,2.2100000381469727,2.200000047683716,2.2100000381469727,0,GLOBE,2025-09
2025-09-19 04:40:00+00:00,2.2100000381469727,2.2100000381469727,2.2100000381469727,2.200000047683716,2.200000047683716,38474,GLOBE,2025-09
2025-09-19 04:45:00+00:00,2.2100000381469727,2.2100000381469727,2.2100000381469727,2.2100000381469727,2.2100000381469727,0,GLOBE,2025-09
2025-09-19 04:50:00+00:00,2.200000047683716,2.200000047683716,2.2100000381469727,2.200000047683716,2.2100000381469727,1143,GLOBE,2025-09
2025-09-19 04:55:00+00:00,2.200000047683716,2.200000047683716,2.200000047683716,2.190000057220459,2.200000047683716,7938,GLOBE,2025-09
2025-09-19 05:00:00+00:00,2.200000047683716,2.200000047683716,2.200000047683716,2.200000047683716,2.200000047683716,780,GLOBE,2025-09
2025-09-19 05:05:00+00:00,2.200000047683716,2.200000047683716,2.200000047683716,2.200000047683716,2.200000047683716,0,GLOBE,2025-09
2025-09-19 05:10:00+00:00,2.190000057220459,2.190000057220459,2.190000057220459,2.190000057220459,2.190000057220459,4052,GLOBE,2025-09
2025-09-19 05:15:00+00:00,2.190000057220459,2.190000057220459,2.190000057220459,2.190000057220459,2.190000057220459,0,GLOBE,2025-09
2025-09-19 05:20:00+00:00,2.200000047683716,2.200000047683716,2.200000047683716,2.190000057220459,2.190000057220459,1361,GLOBE,2025-09
2025-09-19 05:25:00+00:00,2.200000047683716,2.200000047683716,2.200000047683716,2.200000047683716,2.200000047683716,0,GLOBE,2025-09
2025-09-19 05:30:00+00:00,2.2100000381469727,2.2100000381469727,2.2100000381469727,2.190000057220459,2.200000047683716,9048,GLOBE,2025-09
2025-09-19 05:35:00+00:00,2.190000057220459,2.190000057220459,2.2100000381469727,2.190000057220459,2.2100000381469727,0,GLOBE,2025-09
2025-09-19 05:40:00+00:00,2.2100000381469727,2.2100000381469727,2.2100000381469727,2.200000047683716,2.200000047683716,288,GLOBE,2025-09
2025-09-19 05:45:00+00:00,2.200000047683716,2.200000047683716,2.2100000381469727,2.200000047683716,2.2100000381469727,2443,GLOBE,2025-09
2025-09-19 05:55:00+00:00,2.200000047683716,2.200000047683716,2.200000047683716,2.200000047683716,2.200000047683716,4480,GLOBE,2025-09
2025-09-19 06:05:00+00:00,2.2100000381469727,2.2100000381469727,2.2100000381469727,2.200000047683716,2.200000047683716,37,GLOBE,2025-09
2025-09-19 06:10:00+00:00,2.200000047683716,2.200000047683716,2.2100000381469727,2.200000047683716,2.2100000381469727,594,GLOBE,2025-09
2025-09-19 06:15:00+00:00,2.2100000381469727,2.2100000381469727,2.2100000381469727,2.2100000381469727,2.2100000381469727,1170,GLOBE,2025-09
2025-09-19 06:20:00+00:00,2.2100000381469727,2.2100000381469727,2.2100000381469727,2.2100000381469727,2.2100000381469727,668,GLOBE,2025-09
2025-09-19 06:25:00+00:00,2.2100000381469727,2.2100000381469727,2.2100000381469727,2.2100000381469727,2.2100000381469727,1766,GLOBE,2025-09
2025-09-19 06:35:00+00:00,2.2100000381469727,2.2100000381469727,2.2100000381469727,2.2100000381469727,2.2100000381469727,3530,GLOBE,2025-09
2025-09-19 06:40:00+00:00,2.200000047683716,2.200000047683716,2.2100000381469727,2.200000047683716,2.200000047683716,2635,GLOBE,2025-09
2025-09-19 06:45:00+00:00,2.2100000381469727,2.2100000381469727,2.2100000381469727,2.200000047683716,2.200000047683716,5881,GLOBE,2025-09
2025-09-19 06:55:00+00:00,2.2100000381469727,2.2100000381469727,2.2100000381469727,2.200000047683716,2.2100000381469727,859,GLOBE,2025-09
2025-09-19 07:00:00+00:00,2.2100000381469727,2.2100000381469727,2.2100000381469727,2.2100000381469727,2.2100000381469727,421,GLOBE,2025-09
2025-09-19 07:05:00+00:00,2.2100000381469727,2.2100000381469727,2.2100000381469727,2.200000047683716,2.200000047683716,4794,GLOBE,2025-09
2025-09-19 07:10:00+00:00,2.2100000381469727,2.2100000381469727,2.2100000381469727,2.200000047683716,2.200000047683716,41,GLOBE,2025-09
2025-09-19 07:15:00+00:00,2.200000047683716,2.200000047683716,2.200000047683716,2.200000047683716,2.200000047683716,1053,GLOBE,2025-09
2025-09-19 07:20:00+00:00,2.2100000381469727,2.2100000381469727,2.2100000381469727,2.2100000381469727,2.2100000381469727,0,GLOBE,2025-09
2025-09-19 07:25:00+00:00,2.200000047683716,2.200000047683716,2.200000047683716,2.200000047683716,2.200000047683716,40,GLOBE,2025-09
2025-09-19 07:30:00+00:00,2.2100000381469727,2.2100000381469727,2.2100000381469727,2.2100000381469727,2.2100000381469727,612,GLOBE,2025-09
2025-09-19 07:35:00+00:00,2.200000047683716,2.200000047683716,2.200000047683716,2.200000047683716,2.200000047683716,73,GLOBE,2025-09
2025-09-19 07:40:00+00:00,2.200000047683716,2.200000047683716,2.200000047683716,2.200000047683716,2.200000047683716,1310,GLOBE,2025-09
2025-09-19 07:45:00+00:00,2.2100000381469727,2.2100000381469727,2.2100000381469727,2.200000047683716,2.2100000381469727,751,GLOBE,2025-09
2025-09-19 08:00:00+00:00,2.2100000381469727,2.2100000381469727,2.2100000381469727,2.2100000381469727,2.2100000381469727,3000,GLOBE,2025-09
2025-09-19 08:05:00+00:00,2.2100000381469727,2.2100000381469727,2.2100000381469727,2.2100000381469727,2.2100000381469727,2000,GLOBE,2025-09
2025-09-19 08:10:00+00:00,2.200000047683716,2.200000047683716,2.2100000381469727,2.200000047683716,2.2100000381469727,5025,GLOBE,2025-09
2025-09-19 08:15:00+00:00,2.2100000381469727,2.2100000381469727,2.2100000381469727,2.2100000381469727,2.2100000381469727,0,GLOBE,2025-09
2025-09-19 08:20:00+00:00,2.2100000381469727,2.2100000381469727,2.2100000381469727,2.200000047683716,2.2100000381469727,630,GLOBE,2025-09
2025-09-19 08:25:00+00:00,2.2100000381469727,2.2100000381469727,2.2100000381469727,2.2100000381469727,2.2100000381469727,0,GLOBE,2025-09
2025-09-19 08:30:00+00:00,2.2100000381469727,2.2100000381469727,2.2100000381469727,2.2100000381469727,2.2100000381469727,13,GLOBE,2025-09
2025-09-19 08:35:00+00:00,2.200000047683716,2.200000047683716,2.200000047683716,2.200000047683716,2.200000047683716,261,GLOBE,2025-09
2025-09-19 08:40:00+00:00,2.200000047683716,2.200000047683716,2.200000047683716,2.200000047683716,2.200000047683716,0,GLOBE,2025-09
2025-09-19 08:45:00+00:00,2.2100000381469727,2.2100000381469727,2.2100000381469727,2.2100000381469727,2.2100000381469727,59,GLOBE,2025-09
2025-09-19 08:50:00+00:00,2.200000047683716,2.200000047683716,2.2100000381469727,2.200000047683716,2.2100000381469727,2377,GLOBE,2025-09
2025-09-19 08:55:00+00:00,2.2100000381469727,2.2100000381469727,2.2100000381469727,2.200000047683716,2.2100000381469727,229,GLOBE,2025-09
2025-09-19 09:00:00+00:00,2.200000047683716,2.200000047683716,2.2100000381469727,2.200000047683716,2.2100000381469727,3979,GLOBE,2025-09
2025-09-19 09:05:00+00:00,2.2100000381469727,2.2100000381469727,2.2100000381469727,2.2100000381469727,2.2100000381469727,0,GLOBE,2025-09
2025-09-19 09:10:00+00:00,2.2100000381469727,2.2100000381469727,2.2100000381469727,2.200000047683716,2.2100000381469727,11994,GLOBE,2025-09
2025-09-19 09:15:00+00:00,2.200000047683716,2.200000047683716,2.2100000381469727,2.200000047683716,2.2100000381469727,0,GLOBE,2025-09
2025-09-19 09:20:00+00:00,2.200000047683716,2.200000047683716,2.2100000381469727,2.200000047683716,2.200000047683716,0,GLOBE,2025-09
2025-09-19 09:25:00+00:00,2.200000047683716,2.200000047683716,2.2100000381469727,2.200000047683716,2.2100000381469727,127,GLOBE,2025-09
2025-09-19 09:30:00+00:00,2.2100000381469727,2.2100000381469727,2.2100000381469727,2.2100000381469727,2.2100000381469727,0,GLOBE,2025-09
2025-09-19 09:35:00+00:00,2.200000047683716,2.200000047683716,2.200000047683716,2.200000047683716,2.200000047683716,0,GLOBE,2025-09
2025-09-19 09:40:00+00:00,2.2100000381469727,2.2100000381469727,2.2100000381469727,2.200000047683716,2.200000047683716,20672,GLOBE,2025-09
2025-09-19 09:45:00+00:00,2.2100000381469727,2.2100000381469727,2.2100000381469727,2.200000047683716,2.200000047683716,0,GLOBE,2025-09
2025-09-19 09:50:00+00:00,2.2100000381469727,2.2100000381469727,2.2100000381469727,2.200000047683716,2.200000047683716,885,GLOBE,2025-09
2025-09-19 09:55:00+00:00,2.200000047683716,2.200000047683716,2.2100000381469727,2.200000047683716,2.2100000381469727,30150,GLOBE,2025-09
2025-09-22 03:45:00+00:00,2.190000057220459,2.190000057220459,2.2100000381469727,2.190000057220459,2.2100000381469727,0,GLOBE,2025-09
2025-09-22 03:50:00+00:00,2.190000057220459,2.190000057220459,2.200000047683716,2.180000066757202,2.200000047683716,7784,GLOBE,2025-09
2025-09-22 03:55:00+00:00,2.190000057220459,2.190000057220459,2.190000057220459,2.190000057220459,2.190000057220459,627,GLOBE,2025-09
2025-09-22 04:00:00+00:00,2.190000057220459,2.190000057220459,2.190000057220459,2.190000057220459,2.190000057220459,7822,GLOBE,2025-09
2025-09-22 04:05:00+00:00,2.190000057220459,2.190000057220459,2.200000047683716,2.190000057220459,2.200000047683716,49498,GLOBE,2025-09
2025-09-22 04:10:00+00:00,2.190000057220459,2.190000057220459,2.200000047683716,2.180000066757202,2.190000057220459,15049,GLOBE,2025-09
2025-09-22 04:15:00+00:00,2.200000047683716,2.200000047683716,2.200000047683716,2.190000057220459,2.200000047683716,12312,GLOBE,2025-09
2025-09-22 04:20:00+00:00,2.180000066757202,2.180000066757202,2.200000047683716,2.180000066757202,2.200000047683716,5123,GLOBE,2025-09
2025-09-22 04:25:00+00:00,2.200000047683716,2.200000047683716,2.200000047683716,2.200000047683716,2.200000047683716,200,GLOBE,2025-09
2025-09-22 04:30:00+00:00,2.200000047683716,2.200000047683716,2.200000047683716,2.200000047683716,2.200000047683716,1103,GLOBE,2025-09
2025-09-22 04:35:00+00:00,2.190000057220459,2.190000057220459,2.190000057220459,2.180000066757202,2.190000057220459,8922,GLOBE,2025-09
2025-09-22 04:40:00+00:00,2.200000047683716,2.200000047683716,2.200000047683716,2.180000066757202,2.180000066757202,959,GLOBE,2025-09
2025-09-22 04:45:00+00:00,2.190000057220459,2.190000057220459,2.200000047683716,2.190000057220459,2.200000047683716,5276,GLOBE,2025-09
2025-09-22 04:50:00+00:00,2.200000047683716,2.200000047683716,2.200000047683716,2.190000057220459,2.190000057220459,1628,GLOBE,2025-09
2025-09-22 04:55:00+00:00,2.200000047683716,2.200000047683716,2.200000047683716,2.200000047683716,2.200000047683716,178,GLOBE,2025-09
2025-09-22 05:00:00+00:00,2.200000047683716,2.200000047683716,2.200000047683716,2.190000057220459,2.200000047683716,1715,GLOBE,2025-09
2025-09-22 05:05:00+00:00,2.190000057220459,2.190000057220459,2.190000057220459,2.190000057220459,2.190000057220459,1720,GLOBE,2025-09
2025-09-22 05:10:00+00:00,2.200000047683716,2.200000047683716,2.200000047683716,2.200000047683716,2.200000047683716,118,GLOBE,2025-09
2025-09-22 05:15:00+00:00,2.200000047683716,2.200000047683716,2.200000047683716,2.190000057220459,2.190000057220459,0,GLOBE,2025-09
2025-09-22 05:20:00+00:00,2.200000047683716,2.200000047683716,2.200000047683716,2.190000057220459,2.200000047683716,1327,GLOBE,2025-09
2025-09-22 05:25:00+00:00,2.190000057220459,2.190000057220459,2.200000047683716,2.190000057220459,2.200000047683716,64,GLOBE,2025-09
2025-09-22 05:30:00+00:00,2.200000047683716,2.200000047683716,2.200000047683716,2.190000057220459,2.190000057220459,0,GLOBE,2025-09
2025-09-22 05:35:00+00:00,2.200000047683716,2.200000047683716,2.200000047683716,2.190000057220459,2.200000047683716,533,GLOBE,2025-09
2025-09-22 05:40:00+00:00,2.200000047683716,2.200000047683716,2.200000047683716,2.190000057220459,2.200000047683716,1002,GLOBE,2025-09
2025-09-22 05:45:00+00:00,2.200000047683716,2.200000047683716,2.200000047683716,2.200000047683716,2.200000047683716,851,GLOBE,2025-09
2025-09-22 05:50:00+00:00,2.200000047683716,2.200000047683716,2.200000047683716,2.200000047683716,2.200000047683716,5144,GLOBE,2025-09
2025-09-22 06:00:00+00:00,2.190000057220459,2.190000057220459,2.190000057220459,2.190000057220459,2.190000057220459,252,GLOBE,2025-09
2025-09-22 06:05:00+00:00,2.190000057220459,2.190000057220459,2.200000047683716,2.190000057220459,2.190000057220459,1387,GLOBE,2025-09
2025-09-22 06:10:00+00:00,2.200000047683716,2.200000047683716,2.200000047683716,2.190000057220459,2.190000057220459,9889,GLOBE,2025-09
2025-09-22 06:15:00+00:00,2.200000047683716,2.200000047683716,2.200000047683716,2.200000047683716,2.200000047683716,273,GLOBE,2025-09
2025-09-22 06:20:00+00:00,2.200000047683716,2.200000047683716,2.200000047683716,2.200000047683716,2.200000047683716,2,GLOBE,2025-09
2025-09-22 06:25:00+00:00,2.200000047683716,2.200000047683716,2.200000047683716,2.200000047683716,2.200000047683716,9231,GLOBE,2025-09
2025-09-22 06:30:00+00:00,2.190000057220459,2.190000057220459,2.200000047683716,2.190000057220459,2.200000047683716,3137,GLOBE,2025-09
2025-09-22 06:35:00+00:00,2.190000057220459,2.190000057220459,2.190000057220459,2.190000057220459,2.190000057220459,2075,GLOBE,2025-09
2025-09-22 06:40:00+00:00,2.200000047683716,2.200000047683716,2.200000047683716,2.200000047683716,2.200000047683716,1248,GLOBE,2025-09
2025-09-22 06:45:00+00:00,2.200000047683716,2.200000047683716,2.200000047683716,2.200000047683716,2.200000047683716,0,GLOBE,2025-09
2025-09-22 06:50:00+00:00,2.190000057220459,2.190000057220459,2.200000047683716,2.190000057220459,2.200000047683716,424,GLOBE,2025-09
2025-09-22 06:55:00+00:00,2.200000047683716,2.200000047683716,2.200000047683716,2.190000057220459,2.200000047683716,4527,GLOBE,2025-09
2025-09-22 07:00:00+00:00,2.200000047683716,2.200000047683716,2.200000047683716,2.200000047683716,2.200000047683716,159,GLOBE,2025-09
2025-09-22 07:05:00+00:00,2.200000047683716,2.200000047683716,2.200000047683716,2.200000047683716,2.200000047683716,5000,GLOBE,2025-09
2025-09-22 07:10:00+00:00,2.190000057220459,2.190000057220459,2.190000057220459,2.190000057220459,2.190000057220459,68,GLOBE,2025-09
2025-09-22 07:15:00+00:00,2.190000057220459,2.190000057220459,2.190000057220459,2.190000057220459,2.190000057220459,204,GLOBE,2025-09
2025-09-22 07:20:00+00:00,2.200000047683716,2.200000047683716,2.200000047683716,2.200000047683716,2.200000047683716,66,GLOBE,2025-09
2025-09-22 07:30:00+00:00,2.190000057220459,2.190000057220459,2.200000047683716,2.190000057220459,2.200000047683716,0,GLOBE,2025-09
2025-09-22 07:35:00+00:00,2.190000057220459,2.190000057220459,2.190000057220459,2.190000057220459,2.190000057220459,37,GLOBE,2025-09
2025-09-22 07:45:00+00:00,2.200000047683716,2.200000047683716,2.200000047683716,2.200000047683716,2.200000047683716,995,GLOBE,2025-09
2025-09-22 07:55:00+00:00,2.190000057220459,2.190000057220459,2.200000047683716,2.190000057220459,2.200000047683716,1017,GLOBE,2025-09
2025-09-22 08:00:00+00:00,2.200000047683716,2.200000047683716,2.200000047683716,2.200000047683716,2.200000047683716,249,GLOBE,2025-09
2025-09-22 08:10:00+00:00,2.190000057220459,2.190000057220459,2.190000057220459,2.190000057220459,2.190000057220459,196,GLOBE,2025-09
2025-09-22 08:15:00+00:00,2.200000047683716,2.200000047683716,2.200000047683716,2.190000057220459,2.190000057220459,3103,GLOBE,2025-09
2025-09-22 08:20:00+00:00,2.200000047683716,2.200000047683716,2.200000047683716,2.200000047683716,2.200000047683716,1969,GLOBE,2025-09
2025-09-22 08:25:00+00:00,2.200000047683716,2.200000047683716,2.200000047683716,2.190000057220459,2.200000047683716,175,GLOBE,2025-09
2025-09-22 08:30:00+00:00,2.200000047683716,2.200000047683716,2.200000047683716,2.200000047683716,2.200000047683716,66,GLOBE,2025-09
2025-09-22 08:35:00+00:00,2.190000057220459,2.190000057220459,2.200000047683716,2.190000057220459,2.200000047683716,1391,GLOBE,2025-09
2025-09-22 08:40:00+00:00,2.200000047683716,2.200000047683716,2.200000047683716,2.190000057220459,2.200000047683716,3146,GLOBE,2025-09
2025-09-22 08:45:00+00:00,2.200000047683716,2.200000047683716,2.200000047683716,2.190000057220459,2.190000057220459,3887,GLOBE,2025-09
2025-09-22 08:50:00+00:00,2.200000047683716,2.200000047683716,2.200000047683716,2.200000047683716,2.200000047683716,91,GLOBE,2025-09
2025-09-22 08:55:00+00:00,2.200000047683716,2.200000047683716,2.200000047683716,2.190000057220459,2.200000047683716,5187,GLOBE,2025-09
2025-09-22 09:00:00+00:00,2.200000047683716,2.200000047683716,2.200000047683716,2.200000047683716,2.200000047683716,200,GLOBE,2025-09
2025-09-22 09:05:00+00:00,2.190000057220459,2.190000057220459,2.190000057220459,2.190000057220459,2.190000057220459,0,GLOBE,2025-09
2025-09-22 09:10:00+00:00,2.190000057220459,2.190000057220459,2.190000057220459,2.190000057220459,2.190000057220459,38,GLOBE,2025-09
2025-09-22 09:15:00+00:00,2.190000057220459,2.190000057220459,2.190000057220459,2.180000066757202,2.180000066757202,28994,GLOBE,2025-09
2025-09-22 09:20:00+00:00,2.240000009536743,2.240000009536743,2.240000009536743,2.180000066757202,2.180000066757202,2299047,GLOBE,2025-09
2025-09-22 09:25:00+00:00,2.2300000190734863,2.2300000190734863,2.25,2.2300000190734863,2.240000009536743,110604,GLOBE,2025-09
2025-09-22 09:30:00+00:00,2.220000028610229,2.220000028610229,2.2300000190734863,2.220000028610229,2.2300000190734863,8995,GLOBE,2025-09
2025-09-22 09:35:00+00:00,2.220000028610229,2.220000028610229,2.220000028610229,2.220000028610229,2.220000028610229,1383,GLOBE,2025-09
2025-09-22 09:40:00+00:00,2.2100000381469727,2.2100000381469727,2.220000028610229,2.2100000381469727,2.220000028610229,31221,GLOBE,2025-09
2025-09-22 09:45:00+00:00,2.220000028610229,2.220000028610229,2.220000028610229,2.2100000381469727,2.2100000381469727,8246,GLOBE,2025-09
2025-09-22 09:50:00+00:00,2.2100000381469727,2.2100000381469727,2.220000028610229,2.2100000381469727,2.220000028610229,103089,GLOBE,2025-09
2025-09-22 09:55:00+00:00,2.2100000381469727,2.2100000381469727,2.220000028610229,2.2100000381469727,2.2100000381469727,4004,GLOBE,2025-09
2025-09-23 03:45:00+00:00,2.240000009536743,2.240000009536743,2.240000009536743,2.240000009536743,2.240000009536743,0,GLOBE,2025-09
2025-09-23 03:50:00+00:00,2.240000009536743,2.240000009536743,2.240000009536743,2.2100000381469727,2.240000009536743,12067,GLOBE,2025-09
2025-09-23 03:55:00+00:00,2.220000028610229,2.220000028610229,2.240000009536743,2.220000028610229,2.240000009536743,838,GLOBE,2025-09
2025-09-23 04:00:00+00:00,2.240000009536743,2.240000009536743,2.240000009536743,2.240000009536743,2.240000009536743,925,GLOBE,2025-09
2025-09-23 04:05:00+00:00,2.2300000190734863,2.2300000190734863,2.2300000190734863,2.2300000190734863,2.2300000190734863,0,GLOBE,2025-09
2025-09-23 04:10:00+00:00,2.220000028610229,2.220000028610229,2.2300000190734863,2.220000028610229,2.2300000190734863,6023,GLOBE,2025-09
2025-09-23 04:15:00+00:00,2.2300000190734863,2.2300000190734863,2.2300000190734863,2.220000028610229,2.220000028610229,14494,GLOBE,2025-09
2025-09-23 04:20:00+00:00,2.220000028610229,2.220000028610229,2.2300000190734863,2.220000028610229,2.2300000190734863,185,GLOBE,2025-09
2025-09-23 04:25:00+00:00,2.220000028610229,2.220000028610229,2.220000028610229,2.220000028610229,2.220000028610229,1900,GLOBE,2025-09
2025-09-23 04:30:00+00:00,2.2300000190734863,2.2300000190734863,2.2300000190734863,2.2300000190734863,2.2300000190734863,21603,GLOBE,2025-09
2025-09-23 04:35:00+00:00,2.240000009536743,2.240000009536743,2.240000009536743,2.240000009536743,2.240000009536743,31144,GLOBE,2025-09
2025-09-23 04:40:00+00:00,2.240000009536743,2.240000009536743,2.240000009536743,2.240000009536743,2.240000009536743,317,GLOBE,2025-09
2025-09-23 04:45:00+00:00,2.240000009536743,2.240000009536743,2.240000009536743,2.240000009536743,2.240000009536743,0,GLOBE,2025-09
2025-09-23 04:50:00+00:00,2.220000028610229,2.220000028610229,2.240000009536743,2.220000028610229,2.240000009536743,19696,GLOBE,2025-09
2025-09-23 04:55:00+00:00,2.220000028610229,2.220000028610229,2.220000028610229,2.220000028610229,2.220000028610229,240,GLOBE,2025-09
2025-09-23 05:00:00+00:00,2.240000009536743,2.240000009536743,2.240000009536743,2.240000009536743,2.240000009536743,1317,GLOBE,2025-09
2025-09-23 05:05:00+00:00,2.2300000190734863,2.2300000190734863,2.240000009536743,2.2300000190734863,2.240000009536743,0,GLOBE,2025-09
2025-09-23 05:10:00+00:00,2.240000009536743,2.240000009536743,2.240000009536743,2.220000028610229,2.220000028610229,532,GLOBE,2025-09
2025-09-23 05:15:00+00:00,2.240000009536743,2.240000009536743,2.240000009536743,2.240000009536743,2.240000009536743,10487,GLOBE,2025-09
2025-09-23 05:20:00+00:00,2.240000009536743,2.240000009536743,2.240000009536743,2.240000009536743,2.240000009536743,200,GLOBE,2025-09
2025-09-23 05:25:00+00:00,2.240000009536743,2.240000009536743,2.240000009536743,2.240000009536743,2.240000009536743,1721,GLOBE,2025-09
2025-09-23 05:30:00+00:00,2.2300000190734863,2.2300000190734863,2.240000009536743,2.2300000190734863,2.2300000190734863,1988,GLOBE,2025-09
2025-09-23 05:35:00+00:00,2.2300000190734863,2.2300000190734863,2.2300000190734863,2.2300000190734863,2.2300000190734863,6475,GLOBE,2025-09
2025-09-23 05:40:00+00:00,2.220000028610229,2.220000028610229,2.240000009536743,2.220000028610229,2.240000009536743,9946,GLOBE,2025-09
2025-09-23 05:45:00+00:00,2.240000009536743,2.240000009536743,2.240000009536743,2.2300000190734863,2.2300000190734863,0,GLOBE,2025-09
2025-09-23 05:50:00+00:00,2.240000009536743,2.240000009536743,2.240000009536743,2.220000028610229,2.2300000190734863,235,GLOBE,2025-09
2025-09-23 05:55:00+00:00,2.2300000190734863,2.2300000190734863,2.240000009536743,2.220000028610229,2.220000028610229,1316,GLOBE,2025-09
2025-09-23 06:00:00+00:00,2.240000009536743,2.240000009536743,2.240000009536743,2.2300000190734863,2.2300000190734863,25603,GLOBE,2025-09
2025-09-23 06:05:00+00:00,2.2300000190734863,2.2300000190734863,2.240000009536743,2.2300000190734863,2.240000009536743,2276,GLOBE,2025-09
2025-09-23 06:10:00+00:00,2.2300000190734863,2.2300000190734863,2.240000009536743,2.2300000190734863,2.2300000190734863,7212,GLOBE,2025-09
2025-09-23 06:15:00+00:00,2.2300000190734863,2.2300000190734863,2.240000009536743,2.2300000190734863,2.2300000190734863,10068,GLOBE,2025-09
2025-09-23 06:20:00+00:00,2.240000009536743,2.240000009536743,2.240000009536743,2.240000009536743,2.240000009536743,1429,GLOBE,2025-09
2025-09-23 06:25:00+00:00,2.240000009536743,2.240000009536743,2.240000009536743,2.2300000190734863,2.2300000190734863,1114,GLOBE,2025-09
2025-09-23 06:30:00+00:00,2.2300000190734863,2.2300000190734863,2.240000009536743,2.2300000190734863,2.240000009536743,44031,GLOBE,2025-09
2025-09-23 06:35:00+00:00,2.240000009536743,2.240000009536743,2.240000009536743,2.2300000190734863,2.2300000190734863,10275,GLOBE,2025-09
2025-09-23 06:40:00+00:00,2.2300000190734863,2.2300000190734863,2.240000009536743,2.2300000190734863,2.240000009536743,7898,GLOBE,2025-09
2025-09-23 06:45:00+00:00,2.2300000190734863,2.2300000190734863,2.2300000190734863,2.2300000190734863,2.2300000190734863,0,GLOBE,2025-09
2025-09-23 06:50:00+00:00,2.220000028610229,2.220000028610229,2.2300000190734863,2.220000028610229,2.2300000190734863,1993,GLOBE,2025-09
2025-09-23 06:55:00+00:00,2.220000028610229,2.220000028610229,2.220000028610229,2.220000028610229,2.220000028610229,144,GLOBE,2025-09
2025-09-23 07:05:00+00:00,2.2300000190734863,2.2300000190734863,2.2300000190734863,2.2300000190734863,2.2300000190734863,0,GLOBE,2025-09
2025-09-23 07:10:00+00:00,2.2300000190734863,2.2300000190734863,2.2300000190734863,2.2300000190734863,2.2300000190734863,7,GLOBE,2025-09
2025-09-23 07:15:00+00:00,2.240000009536743,2.240000009536743,2.240000009536743,2.2300000190734863,2.2300000190734863,9569,GLOBE,2025-09
2025-09-23 07:20:00+00:00,2.240000009536743,2.240000009536743,2.240000009536743,2.240000009536743,2.240000009536743,260,GLOBE,2025-09
2025-09-23 07:25:00+00:00,2.220000028610229,2.220000028610229,2.220000028610229,2.220000028610229,2.220000028610229,3576,GLOBE,2025-09
2025-09-23 07:30:00+00:00,2.240000009536743,2.240000009536743,2.240000009536743,2.240000009536743,2.240000009536743,0,GLOBE,2025-09
2025-09-23 07:35:00+00:00,2.220000028610229,2.220000028610229,2.240000009536743,2.220000028610229,2.240000009536743,210,GLOBE,2025-09
2025-09-23 07:40:00+00:00,2.2300000190734863,2.2300000190734863,2.240000009536743,2.2300000190734863,2.240000009536743,109,GLOBE,2025-09
2025-09-23 07:45:00+00:00,2.2300000190734863,2.2300000190734863,2.2300000190734863,2.2300000190734863,2.2300000190734863,165,GLOBE,2025-09
2025-09-23 07:55:00+00:00,2.2300000190734863,2.2300000190734863,2.2300000190734863,2.2300000190734863,2.2300000190734863,1887,GLOBE,2025-09
2025-09-23 08:00:00+00:00,2.2300000190734863,2.2300000190734863,2.2300000190734863,2.2300000190734863,2.2300000190734863,1363,GLOBE,2025-09
2025-09-23 08:10:00+00:00,2.240000009536743,2.240000009536743,2.240000009536743,2.240000009536743,2.240000009536743,138,GLOBE,2025-09
2025-09-23 08:15:00+00:00,2.240000009536743,2.240000009536743,2.240000009536743,2.240000009536743,2.240000009536743,4,GLOBE,2025-09
2025-09-23 08:20:00+00:00,2.240000009536743,2.240000009536743,2.240000009536743,2.240000009536743,2.240000009536743,2,GLOBE,2025-09
2025-09-23 08:30:00+00:00,2.2300000190734863,2.2300000190734863,2.240000009536743,2.2300000190734863,2.240000009536743,1125,GLOBE,2025-09
2025-09-23 08:35:00+00:00,2.220000028610229,2.220000028610229,2.220000028610229,2.220000028610229,2.220000028610229,19904,GLOBE,2025-09
2025-09-23 08:40:00+00:00,2.2300000190734863,2.2300000190734863,2.2300000190734863,2.2300000190734863,2.2300000190734863,44,GLOBE,2025-09
2025-09-23 08:45:00+00:00,2.220000028610229,2.220000028610229,2.220000028610229,2.220000028610229,2.220000028610229,12360,GLOBE,2025-09
2025-09-23 08:50:00+00:00,2.2300000190734863,2.2300000190734863,2.2300000190734863,2.2300000190734863,2.2300000190734863,3703,GLOBE,2025-09
2025-09-23 08:55:00+00:00,2.2300000190734863,2.2300000190734863,2.2300000190734863,2.2300000190734863,2.2300000190734863,156,GLOBE,2025-09
2025-09-23 09:05:00+00:00,2.220000028610229,2.220000028610229,2.2300000190734863,2.220000028610229,2.2300000190734863,530,GLOBE,2025-09
2025-09-23 09:10:00+00:00,2.2300000190734863,2.2300000190734863,2.2300000190734863,2.2300000190734863,2.2300000190734863,30,GLOBE,2025-09
2025-09-23 09:15:00+00:00,2.220000028610229,2.220000028610229,2.220000028610229,2.220000028610229,2.220000028610229,178,GLOBE,2025-09
2025-09-23 09:20:00+00:00,2.2300000190734863,2.2300000190734863,2.240000009536743,2.2300000190734863,2.2300000190734863,85318,GLOBE,2025-09
2025-09-23 09:30:00+00:00,2.240000009536743,2.240000009536743,2.240000009536743,2.240000009536743,2.240000009536743,1820,GLOBE,2025-09
2025-09-23 09:35:00+00:00,2.25,2.25,2.25,2.240000009536743,2.240000009536743,80835,GLOBE,2025-09
2025-09-23 09:40:00+00:00,2.25,2.25,2.25,2.25,2.25,0,GLOBE,2025-09
2025-09-23 09:45:00+00:00,2.2300000190734863,2.2300000190734863,2.25,2.2300000190734863,2.2300000190734863,0,GLOBE,2025-09
2025-09-23 09:50:00+00:00,2.240000009536743,2.240000009536743,2.25,2.2300000190734863,2.2300000190734863,2193,GLOBE,2025-09
2025-09-23 09:55:00+00:00,2.240000009536743,2.240000009536743,2.25,2.240000009536743,2.240000009536743,17989,GLOBE,2025-09
2025-09-24 03:45:00+00:00,2.240000009536743,2.240000009536743,2.259999990463257,2.220000028610229,2.259999990463257,0,GLOBE,2025-09
2025-09-24 03:50:00+00:00,2.240000009536743,2.240000009536743,2.240000009536743,2.240000009536743,2.240000009536743,9849,GLOBE,2025-09
2025-09-24 03:55:00+00:00,2.240000009536743,2.240000009536743,2.240000009536743,2.2300000190734863,2.2300000190734863,9142,GLOBE,2025-09
2025-09-24 04:00:00+00:00,2.240000009536743,2.240000009536743,2.240000009536743,2.2300000190734863,2.2300000190734863,110,GLOBE,2025-09
2025-09-24 04:05:00+00:00,2.2300000190734863,2.2300000190734863,2.240000009536743,2.2300000190734863,2.2300000190734863,14463,GLOBE,2025-09
2025-09-24 04:10:00+00:00,2.240000009536743,2.240000009536743,2.240000009536743,2.2300000190734863,2.2300000190734863,0,GLOBE,2025-09
2025-09-24 04:15:00+00:00,2.240000009536743,2.240000009536743,2.240000009536743,2.2300000190734863,2.2300000190734863,2236,GLOBE,2025-09
2025-09-24 04:20:00+00:00,2.2300000190734863,2.2300000190734863,2.240000009536743,2.2300000190734863,2.240000009536743,0,GLOBE,2025-09
2025-09-24 04:25:00+00:00,2.240000009536743,2.240000009536743,2.240000009536743,2.240000009536743,2.240000009536743,42,GLOBE,2025-09
2025-09-24 04:30:00+00:00,2.2300000190734863,2.2300000190734863,2.240000009536743,2.2300000190734863,2.2300000190734863,1066,GLOBE,2025-09
2025-09-24 04:35:00+00:00,2.240000009536743,2.240000009536743,2.240000009536743,2.240000009536743,2.240000009536743,1588,GLOBE,2025-09
2025-09-24 04:40:00+00:00,2.2300000190734863,2.2300000190734863,2.2300000190734863,2.2300000190734863,2.2300000190734863,2353,GLOBE,2025-09
2025-09-24 04:45:00+00:00,2.2300000190734863,2.2300000190734863,2.2300000190734863,2.2300000190734863,2.2300000190734863,3219,GLOBE,2025-09
2025-09-24 04:50:00+00:00,2.240000009536743,2.240000009536743,2.240000009536743,2.240000009536743,2.240000009536743,0,GLOBE,2025-09
2025-09-24 04:55:00+00:00,2.2300000190734863,2.2300000190734863,2.2300000190734863,2.2300000190734863,2.2300000190734863,281,GLOBE,2025-09
2025-09-24 05:00:00+00:00,2.2300000190734863,2.2300000190734863,2.2300000190734863,2.2300000190734863,2.2300000190734863,3933,GLOBE,2025-09
2025-09-24 05:05:00+00:00,2.2300000190734863,2.2300000190734863,2.2300000190734863,2.2300000190734863,2.2300000190734863,12,GLOBE,2025-09
2025-09-24 05:10:00+00:00,2.240000009536743,2.240000009536743,2.240000009536743,2.2300000190734863,2.2300000190734863,5829,GLOBE,2025-09
2025-09-24 05:15:00+00:00,2.240000009536743,2.240000009536743,2.240000009536743,2.2300000190734863,2.240000009536743,0,GLOBE,2025-09
2025-09-24 05:20:00+00:00,2.240000009536743,2.240000009536743,2.240000009536743,2.240000009536743,2.240000009536743,306,GLOBE,2025-09
2025-09-24 05:25:00+00:00,2.220000028610229,2.220000028610229,2.240000009536743,2.2100000381469727,2.240000009536743,106466,GLOBE,2025-09
2025-09-24 05:30:00+00:00,2.220000028610229,2.220000028610229,2.220000028610229,2.2100000381469727,2.2100000381469727,9982,GLOBE,2025-09
2025-09-24 05:35:00+00:00,2.220000028610229,2.220000028610229,2.220000028610229,2.220000028610229,2.220000028610229,6107,GLOBE,2025-09
2025-09-24 05:40:00+00:00,2.2100000381469727,2.2100000381469727,2.220000028610229,2.2100000381469727,2.220000028610229,1173,GLOBE,2025-09
2025-09-24 05:45:00+00:00,2.2100000381469727,2.2100000381469727,2.2300000190734863,2.2100000381469727,2.2300000190734863,846,GLOBE,2025-09
2025-09-24 05:50:00+00:00,2.2100000381469727,2.2100000381469727,2.220000028610229,2.2100000381469727,2.220000028610229,5689,GLOBE,2025-09
2025-09-24 05:55:00+00:00,2.2100000381469727,2.2100000381469727,2.220000028610229,2.2100000381469727,2.220000028610229,204,GLOBE,2025-09
2025-09-24 06:00:00+00:00,2.220000028610229,2.220000028610229,2.220000028610229,2.2100000381469727,2.2100000381469727,2111,GLOBE,2025-09
2025-09-24 06:10:00+00:00,2.2300000190734863,2.2300000190734863,2.2300000190734863,2.2300000190734863,2.2300000190734863,26007,GLOBE,2025-09
2025-09-24 06:15:00+00:00,2.2300000190734863,2.2300000190734863,2.2300000190734863,2.2100000381469727,2.2100000381469727,48872,GLOBE,2025-09
2025-09-24 06:20:00+00:00,2.220000028610229,2.220000028610229,2.220000028610229,2.220000028610229,2.220000028610229,8098,GLOBE,2025-09
2025-09-24 06:25:00+00:00,2.2300000190734863,2.2300000190734863,2.2300000190734863,2.220000028610229,2.220000028610229,0,GLOBE,2025-09
2025-09-24 06:35:00+00:00,2.2300000190734863,2.2300000190734863,2.2300000190734863,2.2300000190734863,2.2300000190734863,1000,GLOBE,2025-09
2025-09-24 06:40:00+00:00,2.25,2.25,2.25,2.240000009536743,2.240000009536743,27466,GLOBE,2025-09
2025-09-24 06:45:00+00:00,2.259999990463257,2.259999990463257,2.259999990463257,2.259999990463257,2.259999990463257,32310,GLOBE,2025-09
2025-09-24 06:55:00+00:00,2.240000009536743,2.240000009536743,2.240000009536743,2.240000009536743,2.240000009536743,13,GLOBE,2025-09
2025-09-24 07:00:00+00:00,2.25,2.25,2.259999990463257,2.25,2.259999990463257,7640,GLOBE,2025-09
2025-09-24 07:05:00+00:00,2.259999990463257,2.259999990463257,2.259999990463257,2.2300000190734863,2.2300000190734863,8642,GLOBE,2025-09
2025-09-24 07:10:00+00:00,2.2300000190734863,2.2300000190734863,2.2300000190734863,2.2300000190734863,2.2300000190734863,38682,GLOBE,2025-09
2025-09-24 07:15:00+00:00,2.25,2.25,2.25,2.220000028610229,2.220000028610229,31358,GLOBE,2025-09
2025-09-24 07:20:00+00:00,2.240000009536743,2.240000009536743,2.240000009536743,2.240000009536743,2.240000009536743,1091,GLOBE,2025-09
2025-09-24 07:25:00+00:00,2.240000009536743,2.240000009536743,2.240000009536743,2.2300000190734863,2.240000009536743,2167,GLOBE,2025-09
2025-09-24 07:30:00+00:00,2.2300000190734863,2.2300000190734863,2.240000009536743,2.220000028610229,2.240000009536743,10092,GLOBE,2025-09
2025-09-24 07:40:00+00:00,2.240000009536743,2.240000009536743,2.240000009536743,2.240000009536743,2.240000009536743,20,GLOBE,2025-09
2025-09-24 07:45:00+00:00,2.2300000190734863,2.2300000190734863,2.2300000190734863,2.2300000190734863,2.2300000190734863,4026,GLOBE,2025-09
2025-09-24 07:50:00+00:00,2.240000009536743,2.240000009536743,2.240000009536743,2.2300000190734863,2.2300000190734863,0,GLOBE,2025-09
2025-09-24 07:55:00+00:00,2.240000009536743,2.240000009536743,2.240000009536743,2.240000009536743,2.240000009536743,55652,GLOBE,2025-09
2025-09-24 08:00:00+00:00,2.25,2.25,2.25,2.25,2.25,767,GLOBE,2025-09
2025-09-24 08:05:00+00:00,2.25,2.25,2.25,2.25,2.25,42,GLOBE,2025-09
2025-09-24 08:10:00+00:00,2.240000009536743,2.240000009536743,2.240000009536743,2.240000009536743,2.240000009536743,393,GLOBE,2025-09
2025-09-24 08:15:00+00:00,2.2300000190734863,2.2300000190734863,2.25,2.2300000190734863,2.240000009536743,13950,GLOBE,2025-09
2025-09-24 08:20:00+00:00,2.240000009536743,2.240000009536743,2.240000009536743,2.240000009536743,2.240000009536743,200,GLOBE,2025-09
2025-09-24 08:25:00+00:00,2.240000009536743,2.240000009536743,2.240000009536743,2.240000009536743,2.240000009536743,0,GLOBE,2025-09
2025-09-24 08:30:00+00:00,2.220000028610229,2.220000028610229,2.240000009536743,2.220000028610229,2.220000028610229,3601,GLOBE,2025-09
2025-09-24 08:35:00+00:00,2.220000028610229,2.220000028610229,2.240000009536743,2.220000028610229,2.240000009536743,801,GLOBE,2025-09
2025-09-24 08:40:00+00:00,2.240000009536743,2.240000009536743,2.240000009536743,2.240000009536743,2.240000009536743,0,GLOBE,2025-09
2025-09-24 08:50:00+00:00,2.220000028610229,2.220000028610229,2.220000028610229,2.220000028610229,2.220000028610229,7995,GLOBE,2025-09
2025-09-24 09:00:00+00:00,2.240000009536743,2.240000009536743,2.240000009536743,2.2300000190734863,2.240000009536743,540,GLOBE,2025-09
2025-09-24 09:10:00+00:00,2.2300000190734863,2.2300000190734863,2.2300000190734863,2.2300000190734863,2.2300000190734863,3921,GLOBE,2025-09
2025-09-24 09:15:00+00:00,2.2300000190734863,2.2300000190734863,2.2300000190734863,2.2300000190734863,2.2300000190734863,0,GLOBE,2025-09
2025-09-24 09:20:00+00:00,2.240000009536743,2.240000009536743,2.240000009536743,2.240000009536743,2.240000009536743,2000,GLOBE,2025-09
2025-09-24 09:25:00+00:00,2.240000009536743,2.240000009536743,2.240000009536743,2.220000028610229,2.240000009536743,18616,GLOBE,2025-09
2025-09-24 09:30:00+00:00,2.240000009536743,2.240000009536743,2.240000009536743,2.240000009536743,2.240000009536743,7000,GLOBE,2025-09
2025-09-24 09:35:00+00:00,2.2300000190734863,2.2300000190734863,2.240000009536743,2.2300000190734863,2.240000009536743,0,GLOBE,2025-09
2025-09-24 09:40:00+00:00,2.2300000190734863,2.2300000190734863,2.240000009536743,2.2300000190734863,2.240000009536743,4305,GLOBE,2025-09
2025-09-24 09:45:00+00:00,2.25,2.25,2.25,2.2300000190734863,2.2300000190734863,22744,GLOBE,2025-09
2025-09-24 09:50:00+00:00,2.2300000190734863,2.2300000190734863,2.240000009536743,2.2300000190734863,2.240000009536743,11523,GLOBE,2025-09
2025-09-24 09:55:00+00:00,2.2300000190734863,2.2300000190734863,2.2699999809265137,2.2300000190734863,2.25,20001,GLOBE,2025-09
2025-09-25 03:45:00+00:00,2.240000009536743,2.240000009536743,2.240000009536743,2.220000028610229,2.220000028610229,0,GLOBE,2025-09
2025-09-25 03:50:00+00:00,2.2300000190734863,2.2300000190734863,2.240000009536743,2.2300000190734863,2.240000009536743,21,GLOBE,2025-09
2025-09-25 03:55:00+00:00,2.240000009536743,2.240000009536743,2.240000009536743,2.2300000190734863,2.2300000190734863,198,GLOBE,2025-09
2025-09-25 04:00:00+00:00,2.25,2.25,2.25,2.240000009536743,2.240000009536743,2609,GLOBE,2025-09
2025-09-25 04:05:00+00:00,2.25,2.25,2.25,2.2300000190734863,2.2300000190734863,5040,GLOBE,2025-09
2025-09-25 04:10:00+00:00,2.2300000190734863,2.2300000190734863,2.25,2.2300000190734863,2.2300000190734863,11167,GLOBE,2025-09
2025-09-25 04:15:00+00:00,2.25,2.25,2.25,2.220000028610229,2.220000028610229,7232,GLOBE,2025-09
2025-09-25 04:20:00+00:00,2.240000009536743,2.240000009536743,2.25,2.240000009536743,2.25,2271,GLOBE,2025-09
2025-09-25 04:25:00+00:00,2.240000009536743,2.240000009536743,2.240000009536743,2.220000028610229,2.2300000190734863,13052,GLOBE,2025-09
2025-09-25 04:30:00+00:00,2.240000009536743,2.240000009536743,2.240000009536743,2.240000009536743,2.240000009536743,112,GLOBE,2025-09
2025-09-25 04:35:00+00:00,2.240000009536743,2.240000009536743,2.240000009536743,2.240000009536743,2.240000009536743,1407,GLOBE,2025-09
2025-09-25 04:40:00+00:00,2.2300000190734863,2.2300000190734863,2.240000009536743,2.2300000190734863,2.240000009536743,321,GLOBE,2025-09
2025-09-25 04:45:00+00:00,2.240000009536743,2.240000009536743,2.240000009536743,2.2300000190734863,2.2300000190734863,3896,GLOBE,2025-09
2025-09-25 04:50:00+00:00,2.240000009536743,2.240000009536743,2.240000009536743,2.240000009536743,2.240000009536743,0,GLOBE,2025-09
2025-09-25 04:55:00+00:00,2.2300000190734863,2.2300000190734863,2.2300000190734863,2.2300000190734863,2.2300000190734863,198,GLOBE,2025-09
2025-09-25 05:00:00+00:00,2.240000009536743,2.240000009536743,2.240000009536743,2.2300000190734863,2.2300000190734863,574,GLOBE,2025-09
2025-09-25 05:05:00+00:00,2.25,2.25,2.25,2.240000009536743,2.240000009536743,20461,GLOBE,2025-09
2025-09-25 05:10:00+00:00,2.240000009536743,2.240000009536743,2.25,2.240000009536743,2.25,0,GLOBE,2025-09
2025-09-25 05:15:00+00:00,2.2300000190734863,2.2300000190734863,2.2300000190734863,2.2300000190734863,2.2300000190734863,57,GLOBE,2025-09
2025-09-25 05:25:00+00:00,2.240000009536743,2.240000009536743,2.240000009536743,2.240000009536743,2.240000009536743,295,GLOBE,2025-09
2025-09-25 05:30:00+00:00,2.220000028610229,2.220000028610229,2.2300000190734863,2.220000028610229,2.2300000190734863,23348,GLOBE,2025-09
2025-09-25 05:35:00+00:00,2.2300000190734863,2.2300000190734863,2.2300000190734863,2.2300000190734863,2.2300000190734863,261,GLOBE,2025-09
2025-09-25 05:40:00+00:00,2.2300000190734863,2.2300000190734863,2.2300000190734863,2.2300000190734863,2.2300000190734863,51,GLOBE,2025-09
2025-09-25 05:45:00+00:00,2.240000009536743,2.240000009536743,2.240000009536743,2.2300000190734863,2.2300000190734863,438,GLOBE,2025-09
2025-09-25 05:50:00+00:00,2.220000028610229,2.220000028610229,2.220000028610229,2.220000028610229,2.220000028610229,2674,GLOBE,2025-09
2025-09-25 05:55:00+00:00,2.240000009536743,2.240000009536743,2.240000009536743,2.240000009536743,2.240000009536743,53,GLOBE,2025-09
2025-09-25 06:00:00+00:00,2.240000009536743,2.240000009536743,2.240000009536743,2.240000009536743,2.240000009536743,72,GLOBE,2025-09
2025-09-25 06:05:00+00:00,2.220000028610229,2.220000028610229,2.240000009536743,2.220000028610229,2.240000009536743,20302,GLOBE,2025-09
2025-09-25 06:10:00+00:00,2.220000028610229,2.220000028610229,2.240000009536743,2.220000028610229,2.240000009536743,0,GLOBE,2025-09
2025-09-25 06:15:00+00:00,2.240000009536743,2.240000009536743,2.240000009536743,2.220000028610229,2.220000028610229,2131,GLOBE,2025-09
2025-09-25 06:20:00+00:00,2.220000028610229,2.220000028610229,2.240000009536743,2.220000028610229,2.220000028610229,11719,GLOBE,2025-09
2025-09-25 06:25:00+00:00,2.220000028610229,2.220000028610229,2.220000028610229,2.220000028610229,2.220000028610229,59,GLOBE,2025-09
2025-09-25 06:30:00+00:00,2.2300000190734863,2.2300000190734863,2.2300000190734863,2.2300000190734863,2.2300000190734863,9950,GLOBE,2025-09
2025-09-25 06:35:00+00:00,2.2300000190734863,2.2300000190734863,2.2300000190734863,2.2300000190734863,2.2300000190734863,0,GLOBE,2025-09
2025-09-25 06:40:00+00:00,2.220000028610229,2.220000028610229,2.220000028610229,2.220000028610229,2.220000028610229,440,GLOBE,2025-09
2025-09-25 06:45:00+00:00,2.2300000190734863,2.2300000190734863,2.2300000190734863,2.2300000190734863,2.2300000190734863,0,GLOBE,2025-09
2025-09-25 06:50:00+00:00,2.2100000381469727,2.2100000381469727,2.220000028610229,2.2100000381469727,2.220000028610229,18742,GLOBE,2025-09
2025-09-25 06:55:00+00:00,2.2100000381469727,2.2100000381469727,2.2100000381469727,2.2100000381469727,2.2100000381469727,0,GLOBE,2025-09
2025-09-25 07:05:00+00:00,2.2100000381469727,2.2100000381469727,2.2300000190734863,2.2100000381469727,2.2300000190734863,2806,GLOBE,2025-09
2025-09-25 07:10:00+00:00,2.2300000190734863,2.2300000190734863,2.2300000190734863,2.2300000190734863,2.2300000190734863,1814,GLOBE,2025-09
2025-09-25 07:15:00+00:00,2.2300000190734863,2.2300000190734863,2.2300000190734863,2.2300000190734863,2.2300000190734863,0,GLOBE,2025-09
2025-09-25 07:20:00+00:00,2.2300000190734863,2.2300000190734863,2.2300000190734863,2.2300000190734863,2.2300000190734863,8200,GLOBE,2025-09
2025-09-25 07:25:00+00:00,2.2300000190734863,2.2300000190734863,2.2300000190734863,2.2300000190734863,2.2300000190734863,17771,GLOBE,2025-09
2025-09-25 07:30:00+00:00,2.2300000190734863,2.2300000190734863,2.2300000190734863,2.220000028610229,2.2300000190734863,0,GLOBE,2025-09
2025-09-25 07:35:00+00:00,2.2300000190734863,2.2300000190734863,2.2300000190734863,2.2300000190734863,2.2300000190734863,34,GLOBE,2025-09
2025-09-25 07:40:00+00:00,2.2300000190734863,2.2300000190734863,2.2300000190734863,2.2300000190734863,2.2300000190734863,2425,GLOBE,2025-09
2025-09-25 07:45:00+00:00,2.2300000190734863,2.2300000190734863,2.2300000190734863,2.2300000190734863,2.2300000190734863,4587,GLOBE,2025-09
2025-09-25 07:50:00+00:00,2.2300000190734863,2.2300000190734863,2.2300000190734863,2.2300000190734863,2.2300000190734863,600,GLOBE,2025-09
2025-09-25 07:55:00+00:00,2.220000028610229,2.220000028610229,2.220000028610229,2.220000028610229,2.220000028610229,4600,GLOBE,2025-09
2025-09-25 08:00:00+00:00,2.200000047683716,2.200000047683716,2.2300000190734863,2.200000047683716,2.2300000190734863,59591,GLOBE,2025-09
2025-09-25 08:05:00+00:00,2.200000047683716,2.200000047683716,2.200000047683716,2.200000047683716,2.200000047683716,0,GLOBE,2025-09
2025-09-25 08:15:00+00:00,2.220000028610229,2.220000028610229,2.220000028610229,2.200000047683716,2.200000047683716,420,GLOBE,2025-09
2025-09-25 08:20:00+00:00,2.220000028610229,2.220000028610229,2.220000028610229,2.220000028610229,2.220000028610229,0,GLOBE,2025-09
2025-09-25 08:25:00+00:00,2.259999990463257,2.259999990463257,2.259999990463257,2.200000047683716,2.200000047683716,2332273,GLOBE,2025-09
2025-09-25 08:30:00+00:00,2.259999990463257,2.259999990463257,2.259999990463257,2.240000009536743,2.259999990463257,86549,GLOBE,2025-09
2025-09-25 08:35:00+00:00,2.240000009536743,2.240000009536743,2.259999990463257,2.240000009536743,2.259999990463257,108554,GLOBE,2025-09
2025-09-25 08:40:00+00:00,2.2300000190734863,2.2300000190734863,2.2300000190734863,2.200000047683716,2.200000047683716,99665,GLOBE,2025-09
2025-09-25 08:45:00+00:00,2.2300000190734863,2.2300000190734863,2.2300000190734863,2.2100000381469727,2.2100000381469727,0,GLOBE,2025-09
2025-09-25 08:50:00+00:00,2.2300000190734863,2.2300000190734863,2.2300000190734863,2.2300000190734863,2.2300000190734863,198,GLOBE,2025-09
2025-09-25 08:55:00+00:00,2.2300000190734863,2.2300000190734863,2.2300000190734863,2.2300000190734863,2.2300000190734863,1495,GLOBE,2025-09
2025-09-25 09:00:00+00:00,2.200000047683716,2.200000047683716,2.200000047683716,2.200000047683716,2.200000047683716,22540,GLOBE,2025-09
2025-09-25 09:05:00+00:00,2.200000047683716,2.200000047683716,2.200000047683716,2.1700000762939453,2.180000066757202,65004,GLOBE,2025-09
2025-09-25 09:10:00+00:00,2.200000047683716,2.200000047683716,2.2100000381469727,2.200000047683716,2.2100000381469727,382,GLOBE,2025-09
2025-09-25 09:25:00+00:00,2.200000047683716,2.200000047683716,2.200000047683716,2.190000057220459,2.200000047683716,20028,GLOBE,2025-09
2025-09-25 09:30:00+00:00,2.200000047683716,2.200000047683716,2.200000047683716,2.200000047683716,2.200000047683716,127,GLOBE,2025-09
2025-09-25 09:35:00+00:00,2.200000047683716,2.200000047683716,2.2100000381469727,2.200000047683716,2.200000047683716,8846,GLOBE,2025-09
2025-09-25 09:40:00+00:00,2.200000047683716,2.200000047683716,2.200000047683716,2.200000047683716,2.200000047683716,2902,GLOBE,2025-09
2025-09-25 09:45:00+00:00,2.190000057220459,2.190000057220459,2.2100000381469727,2.190000057220459,2.190000057220459,0,GLOBE,2025-09
2025-09-25 09:50:00+00:00,2.2100000381469727,2.2100000381469727,2.2100000381469727,2.190000057220459,2.2100000381469727,2497,GLOBE,2025-09
2025-09-25 09:55:00+00:00,2.190000057220459,2.190000057220459,2.2100000381469727,2.190000057220459,2.190000057220459,21736,GLOBE,2025-09
2025-09-26 03:45:00+00:00,2.200000047683716,2.200000047683716,2.220000028610229,2.200000047683716,2.220000028610229,0,GLOBE,2025-09
2025-09-26 03:50:00+00:00,2.200000047683716,2.200000047683716,2.200000047683716,2.200000047683716,2.200000047683716,0,GLOBE,2025-09
2025-09-26 03:55:00+00:00,2.190000057220459,2.190000057220459,2.190000057220459,2.180000066757202,2.190000057220459,76770,GLOBE,2025-09
2025-09-26 04:00:00+00:00,2.190000057220459,2.190000057220459,2.190000057220459,2.1700000762939453,2.190000057220459,0,GLOBE,2025-09
2025-09-26 04:05:00+00:00,2.190000057220459,2.190000057220459,2.190000057220459,2.180000066757202,2.180000066757202,2695,GLOBE,2025-09
2025-09-26 04:10:00+00:00,2.180000066757202,2.180000066757202,2.190000057220459,2.180000066757202,2.190000057220459,3723,GLOBE,2025-09
2025-09-26 04:15:00+00:00,2.190000057220459,2.190000057220459,2.190000057220459,2.1700000762939453,2.1700000762939453,3652,GLOBE,2025-09
2025-09-26 04:20:00+00:00,2.190000057220459,2.190000057220459,2.190000057220459,2.190000057220459,2.190000057220459,0,GLOBE,2025-09
2025-09-26 04:25:00+00:00,2.1700000762939453,2.1700000762939453,2.1700000762939453,2.1700000762939453,2.1700000762939453,4,GLOBE,2025-09
2025-09-26 04:30:00+00:00,2.190000057220459,2.190000057220459,2.190000057220459,2.190000057220459,2.190000057220459,1347,GLOBE,2025-09
2025-09-26 04:35:00+00:00,2.190000057220459,2.190000057220459,2.190000057220459,2.1700000762939453,2.1700000762939453,22088,GLOBE,2025-09
2025-09-26 04:40:00+00:00,2.190000057220459,2.190000057220459,2.190000057220459,2.190000057220459,2.190000057220459,2090,GLOBE,2025-09
2025-09-26 04:50:00+00:00,2.190000057220459,2.190000057220459,2.190000057220459,2.190000057220459,2.190000057220459,3139,GLOBE,2025-09
2025-09-26 04:55:00+00:00,2.1700000762939453,2.1700000762939453,2.190000057220459,2.1700000762939453,2.190000057220459,1973,GLOBE,2025-09
2025-09-26 05:00:00+00:00,2.190000057220459,2.190000057220459,2.2100000381469727,2.1700000762939453,2.1700000762939453,53100,GLOBE,2025-09
2025-09-26 05:05:00+00:00,2.2100000381469727,2.2100000381469727,2.2100000381469727,2.2100000381469727,2.2100000381469727,2678,GLOBE,2025-09
2025-09-26 05:10:00+00:00,2.190000057220459,2.190000057220459,2.190000057220459,2.190000057220459,2.190000057220459,6234,GLOBE,2025-09
2025-09-26 05:15:00+00:00,2.2100000381469727,2.2100000381469727,2.2100000381469727,2.2100000381469727,2.2100000381469727,0,GLOBE,2025-09
2025-09-26 05:20:00+00:00,2.200000047683716,2.200000047683716,2.2100000381469727,2.200000047683716,2.2100000381469727,1655,GLOBE,2025-09
2025-09-26 05:30:00+00:00,2.200000047683716,2.200000047683716,2.200000047683716,2.190000057220459,2.200000047683716,4826,GLOBE,2025-09
2025-09-26 05:35:00+00:00,2.190000057220459,2.190000057220459,2.200000047683716,2.190000057220459,2.200000047683716,4636,GLOBE,2025-09
2025-09-26 05:40:00+00:00,2.190000057220459,2.190000057220459,2.200000047683716,2.190000057220459,2.200000047683716,0,GLOBE,2025-09
2025-09-26 05:45:00+00:00,2.190000057220459,2.190000057220459,2.190000057220459,2.190000057220459,2.190000057220459,333,GLOBE,2025-09
2025-09-26 05:50:00+00:00,2.180000066757202,2.180000066757202,2.190000057220459,2.180000066757202,2.190000057220459,2480,GLOBE,2025-09
2025-09-26 06:05:00+00:00,2.190000057220459,2.190000057220459,2.190000057220459,2.190000057220459,2.190000057220459,0,GLOBE,2025-09
2025-09-26 06:10:00+00:00,2.190000057220459,2.190000057220459,2.190000057220459,2.190000057220459,2.190000057220459,40,GLOBE,2025-09
2025-09-26 06:15:00+00:00,2.190000057220459,2.190000057220459,2.190000057220459,2.180000066757202,2.190000057220459,2047,GLOBE,2025-09
2025-09-26 06:25:00+00:00,2.180000066757202,2.180000066757202,2.190000057220459,2.180000066757202,2.190000057220459,9319,GLOBE,2025-09
2025-09-26 06:30:00+00:00,2.190000057220459,2.190000057220459,2.190000057220459,2.180000066757202,2.180000066757202,0,GLOBE,2025-09
2025-09-26 06:35:00+00:00,2.180000066757202,2.180000066757202,2.180000066757202,2.180000066757202,2.180000066757202,0,GLOBE,2025-09
2025-09-26 06:40:00+00:00,2.180000066757202,2.180000066757202,2.190000057220459,2.180000066757202,2.190000057220459,7533,GLOBE,2025-09
2025-09-26 06:45:00+00:00,2.180000066757202,2.180000066757202,2.180000066757202,2.180000066757202,2.180000066757202,8095,GLOBE,2025-09
2025-09-26 06:50:00+00:00,2.190000057220459,2.190000057220459,2.190000057220459,2.190000057220459,2.190000057220459,9170,GLOBE,2025-09
2025-09-26 07:00:00+00:00,2.180000066757202,2.180000066757202,2.180000066757202,2.180000066757202,2.180000066757202,6,GLOBE,2025-09
2025-09-26 07:05:00+00:00,2.190000057220459,2.190000057220459,2.190000057220459,2.180000066757202,2.180000066757202,5796,GLOBE,2025-09
2025-09-26 07:10:00+00:00,2.180000066757202,2.180000066757202,2.180000066757202,2.180000066757202,2.180000066757202,0,GLOBE,2025-09
2025-09-26 07:20:00+00:00,2.190000057220459,2.190000057220459,2.190000057220459,2.180000066757202,2.190000057220459,5293,GLOBE,2025-09
2025-09-26 07:25:00+00:00,2.180000066757202,2.180000066757202,2.190000057220459,2.180000066757202,2.190000057220459,391,GLOBE,2025-09
2025-09-26 07:45:00+00:00,2.180000066757202,2.180000066757202,2.180000066757202,2.180000066757202,2.180000066757202,800,GLOBE,2025-09
2025-09-26 07:50:00+00:00,2.200000047683716,2.200000047683716,2.200000047683716,2.180000066757202,2.180000066757202,4650,GLOBE,2025-09
2025-09-26 07:55:00+00:00,2.200000047683716,2.200000047683716,2.200000047683716,2.200000047683716,2.200000047683716,14,GLOBE,2025-09
2025-09-26 08:00:00+00:00,2.200000047683716,2.200000047683716,2.200000047683716,2.200000047683716,2.200000047683716,197,GLOBE,2025-09
2025-09-26 08:05:00+00:00,2.180000066757202,2.180000066757202,2.190000057220459,2.180000066757202,2.190000057220459,3249,GLOBE,2025-09
2025-09-26 08:10:00+00:00,2.190000057220459,2.190000057220459,2.190000057220459,2.180000066757202,2.180000066757202,88,GLOBE,2025-09
2025-09-26 08:15:00+00:00,2.180000066757202,2.180000066757202,2.190000057220459,2.180000066757202,2.190000057220459,166,GLOBE,2025-09
2025-09-26 08:20:00+00:00,2.190000057220459,2.190000057220459,2.190000057220459,2.180000066757202,2.180000066757202,12058,GLOBE,2025-09
2025-09-26 08:30:00+00:00,2.190000057220459,2.190000057220459,2.190000057220459,2.190000057220459,2.190000057220459,10,GLOBE,2025-09
2025-09-26 08:35:00+00:00,2.180000066757202,2.180000066757202,2.190000057220459,2.180000066757202,2.190000057220459,5234,GLOBE,2025-09
2025-09-26 08:40:00+00:00,2.180000066757202,2.180000066757202,2.190000057220459,2.180000066757202,2.190000057220459,130,GLOBE,2025-09
2025-09-26 08:45:00+00:00,2.180000066757202,2.180000066757202,2.180000066757202,2.180000066757202,2.180000066757202,10821,GLOBE,2025-09
2025-09-26 08:50:00+00:00,2.190000057220459,2.190000057220459,2.190000057220459,2.190000057220459,2.190000057220459,0,GLOBE,2025-09
2025-09-26 08:55:00+00:00,2.180000066757202,2.180000066757202,2.190000057220459,2.180000066757202,2.190000057220459,1957,GLOBE,2025-09
2025-09-26 09:00:00+00:00,2.180000066757202,2.180000066757202,2.180000066757202,2.180000066757202,2.180000066757202,0,GLOBE,2025-09
2025-09-26 09:05:00+00:00,2.180000066757202,2.180000066757202,2.180000066757202,2.180000066757202,2.180000066757202,0,GLOBE,2025-09
2025-09-26 09:10:00+00:00,2.190000057220459,2.190000057220459,2.190000057220459,2.190000057220459,2.190000057220459,20625,GLOBE,2025-09
2025-09-26 09:20:00+00:00,2.180000066757202,2.180000066757202,2.190000057220459,2.180000066757202,2.190000057220459,23898,GLOBE,2025-09
2025-09-26 09:30:00+00:00,2.190000057220459,2.190000057220459,2.190000057220459,2.180000066757202,2.180000066757202,0,GLOBE,2025-09
2025-09-26 09:35:00+00:00,2.180000066757202,2.180000066757202,2.190000057220459,2.180000066757202,2.190000057220459,4188,GLOBE,2025-09
2025-09-26 09:40:00+00:00,2.190000057220459,2.190000057220459,2.190000057220459,2.190000057220459,2.190000057220459,0,GLOBE,2025-09
2025-09-26 09:45:00+00:00,2.190000057220459,2.190000057220459,2.190000057220459,2.180000066757202,2.180000066757202,16877,GLOBE,2025-09
2025-09-26 09:50:00+00:00,2.190000057220459,2.190000057220459,2.190000057220459,2.180000066757202,2.190000057220459,12442,GLOBE,2025-09
2025-09-26 09:55:00+00:00,2.180000066757202,2.180000066757202,2.200000047683716,2.1700000762939453,2.190000057220459,10414,GLOBE,2025-09
2025-09-29 03:45:00+00:00,2.190000057220459,2.190000057220459,2.220000028610229,2.190000057220459,2.200000047683716,0,GLOBE,2025-09
2025-09-29 03:50:00+00:00,2.190000057220459,2.190000057220459,2.190000057220459,2.190000057220459,2.190000057220459,3820,GLOBE,2025-09
2025-09-29 03:55:00+00:00,2.2100000381469727,2.2100000381469727,2.220000028610229,2.2100000381469727,2.220000028610229,0,GLOBE,2025-09
2025-09-29 04:00:00+00:00,2.200000047683716,2.200000047683716,2.200000047683716,2.200000047683716,2.200000047683716,0,GLOBE,2025-09
2025-09-29 04:05:00+00:00,2.2100000381469727,2.2100000381469727,2.2100000381469727,2.200000047683716,2.200000047683716,126,GLOBE,2025-09
2025-09-29 04:10:00+00:00,2.190000057220459,2.190000057220459,2.200000047683716,2.190000057220459,2.200000047683716,7584,GLOBE,2025-09
2025-09-29 04:20:00+00:00,2.190000057220459,2.190000057220459,2.200000047683716,2.190000057220459,2.200000047683716,114,GLOBE,2025-09
2025-09-29 04:25:00+00:00,2.200000047683716,2.200000047683716,2.2100000381469727,2.200000047683716,2.2100000381469727,2968,GLOBE,2025-09
2025-09-29 04:30:00+00:00,2.2100000381469727,2.2100000381469727,2.2100000381469727,2.200000047683716,2.200000047683716,273,GLOBE,2025-09
2025-09-29 04:35:00+00:00,2.2100000381469727,2.2100000381469727,2.2100000381469727,2.200000047683716,2.200000047683716,404,GLOBE,2025-09
2025-09-29 04:40:00+00:00,2.200000047683716,2.200000047683716,2.2100000381469727,2.200000047683716,2.200000047683716,1845,GLOBE,2025-09
2025-09-29 04:45:00+00:00,2.200000047683716,2.200000047683716,2.2100000381469727,2.200000047683716,2.2100000381469727,48017,GLOBE,2025-09
2025-09-29 04:50:00+00:00,2.190000057220459,2.190000057220459,2.190000057220459,2.190000057220459,2.190000057220459,7891,GLOBE,2025-09
2025-09-29 04:55:00+00:00,2.200000047683716,2.200000047683716,2.200000047683716,2.200000047683716,2.200000047683716,0,GLOBE,2025-09
2025-09-29 05:00:00+00:00,2.190000057220459,2.190000057220459,2.190000057220459,2.190000057220459,2.190000057220459,0,GLOBE,2025-09
2025-09-29 05:10:00+00:00,2.180000066757202,2.180000066757202,2.200000047683716,2.180000066757202,2.200000047683716,13636,GLOBE,2025-09
2025-09-29 05:15:00+00:00,2.200000047683716,2.200000047683716,2.200000047683716,2.200000047683716,2.200000047683716,0,GLOBE,2025-09
2025-09-29 05:20:00+00:00,2.200000047683716,2.200000047683716,2.200000047683716,2.200000047683716,2.200000047683716,5060,GLOBE,2025-09
2025-09-29 05:25:00+00:00,2.200000047683716,2.200000047683716,2.200000047683716,2.190000057220459,2.190000057220459,0,GLOBE,2025-09
2025-09-29 05:30:00+00:00,2.200000047683716,2.200000047683716,2.200000047683716,2.200000047683716,2.200000047683716,1220,GLOBE,2025-09
2025-09-29 05:35:00+00:00,2.200000047683716,2.200000047683716,2.200000047683716,2.200000047683716,2.200000047683716,0,GLOBE,2025-09
2025-09-29 05:40:00+00:00,2.200000047683716,2.200000047683716,2.200000047683716,2.190000057220459,2.190000057220459,1135,GLOBE,2025-09
2025-09-29 05:45:00+00:00,2.200000047683716,2.200000047683716,2.200000047683716,2.200000047683716,2.200000047683716,62,GLOBE,2025-09
2025-09-29 05:50:00+00:00,2.180000066757202,2.180000066757202,2.190000057220459,2.1600000858306885,2.1600000858306885,69297,GLOBE,2025-09
2025-09-29 05:55:00+00:00,2.1600000858306885,2.1600000858306885,2.180000066757202,2.1600000858306885,2.180000066757202,39156,GLOBE,2025-09
2025-09-29 06:00:00+00:00,2.1700000762939453,2.1700000762939453,2.1700000762939453,2.1600000858306885,2.1600000858306885,0,GLOBE,2025-09
2025-09-29 06:05:00+00:00,2.1600000858306885,2.1600000858306885,2.1600000858306885,2.150000095367432,2.150000095367432,5694,GLOBE,2025-09
2025-09-29 06:10:00+00:00,2.1600000858306885,2.1600000858306885,2.1600000858306885,2.1600000858306885,2.1600000858306885,1124,GLOBE,2025-09
2025-09-29 06:15:00+00:00,2.1600000858306885,2.1600000858306885,2.1600000858306885,2.1600000858306885,2.1600000858306885,0,GLOBE,2025-09
2025-09-29 06:20:00+00:00,2.1600000858306885,2.1600000858306885,2.1600000858306885,2.1600000858306885,2.1600000858306885,43395,GLOBE,2025-09
2025-09-29 06:25:00+00:00,2.1700000762939453,2.1700000762939453,2.1700000762939453,2.1700000762939453,2.1700000762939453,2000,GLOBE,2025-09
2025-09-29 06:30:00+00:00,2.1700000762939453,2.1700000762939453,2.1700000762939453,2.1700000762939453,2.1700000762939453,1481,GLOBE,2025-09
2025-09-29 06:35:00+00:00,2.1700000762939453,2.1700000762939453,2.1700000762939453,2.1700000762939453,2.1700000762939453,0,GLOBE,2025-09
2025-09-29 06:40:00+00:00,2.1600000858306885,2.1600000858306885,2.1600000858306885,2.1600000858306885,2.1600000858306885,26,GLOBE,2025-09
2025-09-29 06:45:00+00:00,2.1700000762939453,2.1700000762939453,2.1700000762939453,2.1700000762939453,2.1700000762939453,331,GLOBE,2025-09
2025-09-29 06:50:00+00:00,2.180000066757202,2.180000066757202,2.180000066757202,2.180000066757202,2.180000066757202,10,GLOBE,2025-09
2025-09-29 06:55:00+00:00,2.180000066757202,2.180000066757202,2.180000066757202,2.180000066757202,2.180000066757202,35,GLOBE,2025-09
2025-09-29 07:00:00+00:00,2.1600000858306885,2.1600000858306885,2.1600000858306885,2.1600000858306885,2.1600000858306885,9152,GLOBE,2025-09
2025-09-29 07:05:00+00:00,2.1700000762939453,2.1700000762939453,2.1700000762939453,2.1700000762939453,2.1700000762939453,0,GLOBE,2025-09
2025-09-29 07:10:00+00:00,2.180000066757202,2.180000066757202,2.180000066757202,2.180000066757202,2.180000066757202,2000,GLOBE,2025-09
2025-09-29 07:15:00+00:00,2.180000066757202,2.180000066757202,2.180000066757202,2.180000066757202,2.180000066757202,0,GLOBE,2025-09
2025-09-29 07:20:00+00:00,2.180000066757202,2.180000066757202,2.180000066757202,2.180000066757202,2.180000066757202,179,GLOBE,2025-09
2025-09-29 07:25:00+00:00,2.1700000762939453,2.1700000762939453,2.180000066757202,2.1700000762939453,2.180000066757202,215,GLOBE,2025-09
2025-09-29 07:30:00+00:00,2.1700000762939453,2.1700000762939453,2.1700000762939453,2.1700000762939453,2.1700000762939453,762,GLOBE,2025-09
2025-09-29 07:35:00+00:00,2.180000066757202,2.180000066757202,2.180000066757202,2.180000066757202,2.180000066757202,0,GLOBE,2025-09
2025-09-29 07:40:00+00:00,2.180000066757202,2.180000066757202,2.180000066757202,2.180000066757202,2.180000066757202,8,GLOBE,2025-09
2025-09-29 07:45:00+00:00,2.180000066757202,2.180000066757202,2.180000066757202,2.180000066757202,2.180000066757202,1,GLOBE,2025-09
2025-09-29 07:50:00+00:00,2.180000066757202,2.180000066757202,2.180000066757202,2.180000066757202,2.180000066757202,791,GLOBE,2025-09
2025-09-29 07:55:00+00:00,2.180000066757202,2.180000066757202,2.180000066757202,2.180000066757202,2.180000066757202,9700,GLOBE,2025-09
2025-09-29 08:00:00+00:00,2.1700000762939453,2.1700000762939453,2.180000066757202,2.1700000762939453,2.180000066757202,0,GLOBE,2025-09
2025-09-29 08:05:00+00:00,2.1700000762939453,2.1700000762939453,2.180000066757202,2.1700000762939453,2.180000066757202,2173,GLOBE,2025-09
2025-09-29 08:10:00+00:00,2.1700000762939453,2.1700000762939453,2.180000066757202,2.1700000762939453,2.180000066757202,2110,GLOBE,2025-09
2025-09-29 08:15:00+00:00,2.1700000762939453,2.1700000762939453,2.1700000762939453,2.1700000762939453,2.1700000762939453,1062,GLOBE,2025-09
2025-09-29 08:20:00+00:00,2.180000066757202,2.180000066757202,2.180000066757202,2.180000066757202,2.180000066757202,18,GLOBE,2025-09
2025-09-29 08:30:00+00:00,2.190000057220459,2.190000057220459,2.190000057220459,2.180000066757202,2.180000066757202,597,GLOBE,2025-09
2025-09-29 08:35:00+00:00,2.190000057220459,2.190000057220459,2.190000057220459,2.180000066757202,2.180000066757202,4682,GLOBE,2025-09
2025-09-29 08:40:00+00:00,2.190000057220459,2.190000057220459,2.190000057220459,2.180000066757202,2.180000066757202,0,GLOBE,2025-09
2025-09-29 08:50:00+00:00,2.190000057220459,2.190000057220459,2.190000057220459,2.190000057220459,2.190000057220459,0,GLOBE,2025-09
2025-09-29 08:55:00+00:00,2.1700000762939453,2.1700000762939453,2.1700000762939453,2.1700000762939453,2.1700000762939453,338,GLOBE,2025-09
2025-09-29 09:05:00+00:00,2.190000057220459,2.190000057220459,2.190000057220459,2.1700000762939453,2.1700000762939453,6032,GLOBE,2025-09
2025-09-29 09:10:00+00:00,2.190000057220459,2.190000057220459,2.190000057220459,2.190000057220459,2.190000057220459,0,GLOBE,2025-09
2025-09-29 09:15:00+00:00,2.190000057220459,2.190000057220459,2.190000057220459,2.190000057220459,2.190000057220459,3760,GLOBE,2025-09
2025-09-29 09:20:00+00:00,2.1700000762939453,2.1700000762939453,2.180000066757202,2.1700000762939453,2.180000066757202,0,GLOBE,2025-09
2025-09-29 09:25:00+00:00,2.180000066757202,2.180000066757202,2.180000066757202,2.180000066757202,2.180000066757202,395,GLOBE,2025-09
2025-09-29 09:30:00+00:00,2.180000066757202,2.180000066757202,2.180000066757202,2.180000066757202,2.180000066757202,1600,GLOBE,2025-09
2025-09-29 09:35:00+00:00,2.1700000762939453,2.1700000762939453,2.180000066757202,2.1700000762939453,2.180000066757202,295,GLOBE,2025-09
2025-09-29 09:40:00+00:00,2.1700000762939453,2.1700000762939453,2.1700000762939453,2.1700000762939453,2.1700000762939453,4898,GLOBE,2025-09
2025-09-29 09:45:00+00:00,2.180000066757202,2.180000066757202,2.180000066757202,2.1700000762939453,2.180000066757202,0,GLOBE,2025-09
2025-09-29 09:50:00+00:00,2.180000066757202,2.180000066757202,2.180000066757202,2.180000066757202,2.180000066757202,3240,GLOBE,2025-09
2025-09-29 09:55:00+00:00,2.1700000762939453,2.1700000762939453,2.180000066757202,2.1700000762939453,2.180000066757202,24875,GLOBE,2025-09
2025-09-30 03:45:00+00:00,2.1700000762939453,2.1700000762939453,2.180000066757202,2.1700000762939453,2.180000066757202,0,GLOBE,2025-09
2025-09-30 03:55:00+00:00,2.190000057220459,2.190000057220459,2.190000057220459,2.1700000762939453,2.1700000762939453,4000,GLOBE,2025-09
2025-09-30 04:00:00+00:00,2.190000057220459,2.190000057220459,2.190000057220459,2.190000057220459,2.190000057220459,0,GLOBE,2025-09
2025-09-30 04:05:00+00:00,2.1700000762939453,2.1700000762939453,2.1700000762939453,2.1700000762939453,2.1700000762939453,2695,GLOBE,2025-09
2025-09-30 04:10:00+00:00,2.1700000762939453,2.1700000762939453,2.1700000762939453,2.1600000858306885,2.1600000858306885,1227,GLOBE,2025-09
2025-09-30 04:15:00+00:00,2.1700000762939453,2.1700000762939453,2.1700000762939453,2.1600000858306885,2.1600000858306885,6904,GLOBE,2025-09
2025-09-30 04:20:00+00:00,2.180000066757202,2.180000066757202,2.180000066757202,2.1700000762939453,2.1700000762939453,800,GLOBE,2025-09
2025-09-30 04:25:00+00:00,2.1700000762939453,2.1700000762939453,2.180000066757202,2.1700000762939453,2.180000066757202,55,GLOBE,2025-09
2025-09-30 04:30:00+00:00,2.1700000762939453,2.1700000762939453,2.180000066757202,2.1700000762939453,2.1700000762939453,287,GLOBE,2025-09
2025-09-30 04:35:00+00:00,2.1700000762939453,2.1700000762939453,2.1700000762939453,2.1700000762939453,2.1700000762939453,1221,GLOBE,2025-09
2025-09-30 04:40:00+00:00,2.180000066757202,2.180000066757202,2.180000066757202,2.180000066757202,2.180000066757202,1871,GLOBE,2025-09
2025-09-30 04:50:00+00:00,2.180000066757202,2.180000066757202,2.180000066757202,2.1700000762939453,2.1700000762939453,0,GLOBE,2025-09
2025-09-30 04:55:00+00:00,2.1700000762939453,2.1700000762939453,2.1700000762939453,2.1700000762939453,2.1700000762939453,1204,GLOBE,2025-09
2025-09-30 05:00:00+00:00,2.180000066757202,2.180000066757202,2.180000066757202,2.180000066757202,2.180000066757202,0,GLOBE,2025-09
2025-09-30 05:05:00+00:00,2.180000066757202,2.180000066757202,2.180000066757202,2.180000066757202,2.180000066757202,19,GLOBE,2025-09
2025-09-30 05:10:00+00:00,2.180000066757202,2.180000066757202,2.180000066757202,2.180000066757202,2.180000066757202,2000,GLOBE,2025-09
2025-09-30 05:15:00+00:00,2.1700000762939453,2.1700000762939453,2.1700000762939453,2.1700000762939453,2.1700000762939453,0,GLOBE,2025-09
2025-09-30 05:25:00+00:00,2.180000066757202,2.180000066757202,2.180000066757202,2.1700000762939453,2.1700000762939453,901,GLOBE,2025-09
2025-09-30 05:30:00+00:00,2.180000066757202,2.180000066757202,2.180000066757202,2.180000066757202,2.180000066757202,29,GLOBE,2025-09
2025-09-30 05:35:00+00:00,2.180000066757202,2.180000066757202,2.180000066757202,2.1700000762939453,2.1700000762939453,1188,GLOBE,2025-09
2025-09-30 05:40:00+00:00,2.180000066757202,2.180000066757202,2.180000066757202,2.1700000762939453,2.1700000762939453,3199,GLOBE,2025-09
2025-09-30 05:45:00+00:00,2.180000066757202,2.180000066757202,2.180000066757202,2.180000066757202,2.180000066757202,52,GLOBE,2025-09
2025-09-30 05:50:00+00:00,2.1700000762939453,2.1700000762939453,2.180000066757202,2.1700000762939453,2.1700000762939453,3038,GLOBE,2025-09
2025-09-30 05:55:00+00:00,2.180000066757202,2.180000066757202,2.180000066757202,2.180000066757202,2.180000066757202,115,GLOBE,2025-09
2025-09-30 06:00:00+00:00,2.180000066757202,2.180000066757202,2.180000066757202,2.180000066757202,2.180000066757202,2885,GLOBE,2025-09
2025-09-30 06:05:00+00:00,2.180000066757202,2.180000066757202,2.180000066757202,2.1700000762939453,2.1700000762939453,0,GLOBE,2025-09
2025-09-30 06:10:00+00:00,2.180000066757202,2.180000066757202,2.180000066757202,2.180000066757202,2.180000066757202,33,GLOBE,2025-09
2025-09-30 06:15:00+00:00,2.180000066757202,2.180000066757202,2.180000066757202,2.180000066757202,2.180000066757202,1229,GLOBE,2025-09
2025-09-30 06:20:00+00:00,2.1700000762939453,2.1700000762939453,2.1700000762939453,2.1700000762939453,2.1700000762939453,332,GLOBE,2025-09
2025-09-30 06:25:00+00:00,2.180000066757202,2.180000066757202,2.180000066757202,2.1700000762939453,2.1700000762939453,1386,GLOBE,2025-09
2025-09-30 06:30:00+00:00,2.1700000762939453,2.1700000762939453,2.1700000762939453,2.150000095367432,2.1700000762939453,30017,GLOBE,2025-09
2025-09-30 06:40:00+00:00,2.1700000762939453,2.1700000762939453,2.1700000762939453,2.1700000762939453,2.1700000762939453,100,GLOBE,2025-09
2025-09-30 06:45:00+00:00,2.150000095367432,2.150000095367432,2.1700000762939453,2.150000095367432,2.1700000762939453,907,GLOBE,2025-09
2025-09-30 06:50:00+00:00,2.1700000762939453,2.1700000762939453,2.1700000762939453,2.1600000858306885,2.1600000858306885,5407,GLOBE,2025-09
2025-09-30 06:55:00+00:00,2.1600000858306885,2.1600000858306885,2.1600000858306885,2.1600000858306885,2.1600000858306885,498,GLOBE,2025-09
2025-09-30 07:05:00+00:00,2.180000066757202,2.180000066757202,2.180000066757202,2.180000066757202,2.180000066757202,200,GLOBE,2025-09
2025-09-30 07:15:00+00:00,2.180000066757202,2.180000066757202,2.180000066757202,2.180000066757202,2.180000066757202,100,GLOBE,2025-09
2025-09-30 07:20:00+00:00,2.1700000762939453,2.1700000762939453,2.1700000762939453,2.1700000762939453,2.1700000762939453,0,GLOBE,2025-09
2025-09-30 07:25:00+00:00,2.180000066757202,2.180000066757202,2.180000066757202,2.180000066757202,2.180000066757202,200,GLOBE,2025-09
2025-09-30 07:30:00+00:00,2.180000066757202,2.180000066757202,2.180000066757202,2.180000066757202,2.180000066757202,10,GLOBE,2025-09
2025-09-30 07:35:00+00:00,2.1700000762939453,2.1700000762939453,2.1700000762939453,2.1700000762939453,2.1700000762939453,30,GLOBE,2025-09
2025-09-30 07:40:00+00:00,2.1600000858306885,2.1600000858306885,2.180000066757202,2.1600000858306885,2.180000066757202,119698,GLOBE,2025-09
2025-09-30 07:45:00+00:00,2.1600000858306885,2.1600000858306885,2.1600000858306885,2.1600000858306885,2.1600000858306885,0,GLOBE,2025-09
2025-09-30 07:50:00+00:00,2.180000066757202,2.180000066757202,2.180000066757202,2.180000066757202,2.180000066757202,5780,GLOBE,2025-09
2025-09-30 07:55:00+00:00,2.180000066757202,2.180000066757202,2.180000066757202,2.180000066757202,2.180000066757202,0,GLOBE,2025-09
2025-09-30 08:05:00+00:00,2.1700000762939453,2.1700000762939453,2.180000066757202,2.1700000762939453,2.180000066757202,3088,GLOBE,2025-09
2025-09-30 08:10:00+00:00,2.180000066757202,2.180000066757202,2.180000066757202,2.1700000762939453,2.1700000762939453,1411,GLOBE,2025-09
2025-09-30 08:15:00+00:00,2.180000066757202,2.180000066757202,2.180000066757202,2.180000066757202,2.180000066757202,150,GLOBE,2025-09
2025-09-30 08:25:00+00:00,2.1700000762939453,2.1700000762939453,2.1700000762939453,2.1700000762939453,2.1700000762939453,12,GLOBE,2025-09
2025-09-30 08:35:00+00:00,2.1600000858306885,2.1600000858306885,2.1700000762939453,2.1600000858306885,2.1700000762939453,1198,GLOBE,2025-09
2025-09-30 08:40:00+00:00,2.1700000762939453,2.1700000762939453,2.1700000762939453,2.1700000762939453,2.1700000762939453,50,GLOBE,2025-09
2025-09-30 08:50:00+00:00,2.180000066757202,2.180000066757202,2.180000066757202,2.180000066757202,2.180000066757202,664,GLOBE,2025-09
2025-09-30 08:55:00+00:00,2.1700000762939453,2.1700000762939453,2.180000066757202,2.1700000762939453,2.180000066757202,404,GLOBE,2025-09
2025-09-30 09:05:00+00:00,2.180000066757202,2.180000066757202,2.180000066757202,2.180000066757202,2.180000066757202,1012,GLOBE,2025-09
2025-09-30 09:10:00+00:00,2.180000066757202,2.180000066757202,2.180000066757202,2.180000066757202,2.180000066757202,0,GLOBE,2025-09
2025-09-30 09:15:00+00:00,2.180000066757202,2.180000066757202,2.180000066757202,2.180000066757202,2.180000066757202,130,GLOBE,2025-09
2025-09-30 09:20:00+00:00,2.180000066757202,2.180000066757202,2.180000066757202,2.180000066757202,2.180000066757202,237,GLOBE,2025-09
2025-09-30 09:25:00+00:00,2.1700000762939453,2.1700000762939453,2.180000066757202,2.1700000762939453,2.180000066757202,942,GLOBE,2025-09
2025-09-30 09:30:00+00:00,2.1600000858306885,2.1600000858306885,2.180000066757202,2.1600000858306885,2.1700000762939453,6471,GLOBE,2025-09
2025-09-30 09:40:00+00:00,2.1700000762939453,2.1700000762939453,2.1700000762939453,2.1600000858306885,2.1600000858306885,947,GLOBE,2025-09
2025-09-30 09:45:00+00:00,2.1700000762939453,2.1700000762939453,2.1700000762939453,2.1700000762939453,2.1700000762939453,0,GLOBE,2025-09
2025-09-30 09:50:00+00:00,2.180000066757202,2.180000066757202,2.180000066757202,2.180000066757202,2.180000066757202,8,GLOBE,2025-09
2025-09-30 09:55:00+00:00,2.1600000858306885,2.1600000858306885,2.180000066757202,2.1600000858306885,2.180000066757202,8774,GLOBE,2025-09
2025-10-01 03:45:00+00:00,2.1700000762939453,2.1700000762939453,2.180000066757202,2.140000104904175,2.1600000858306885,0,GLOBE,2025-10
2025-10-01 03:50:00+00:00,2.1700000762939453,2.1700000762939453,2.1700000762939453,2.1700000762939453,2.1700000762939453,500,GLOBE,2025-10
2025-10-01 03:55:00+00:00,2.1700000762939453,2.1700000762939453,2.1700000762939453,2.1700000762939453,2.1700000762939453,0,GLOBE,2025-10
2025-10-01 04:00:00+00:00,2.1700000762939453,2.1700000762939453,2.1700000762939453,2.1700000762939453,2.1700000762939453,18,GLOBE,2025-10
2025-10-01 04:05:00+00:00,2.1600000858306885,2.1600000858306885,2.1700000762939453,2.1600000858306885,2.1700000762939453,239,GLOBE,2025-10
2025-10-01 04:10:00+00:00,2.1600000858306885,2.1600000858306885,2.1600000858306885,2.1600000858306885,2.1600000858306885,382,GLOBE,2025-10
2025-10-01 04:15:00+00:00,2.1600000858306885,2.1600000858306885,2.1700000762939453,2.1600000858306885,2.1600000858306885,7062,GLOBE,2025-10
2025-10-01 04:20:00+00:00,2.1700000762939453,2.1700000762939453,2.1700000762939453,2.1700000762939453,2.1700000762939453,0,GLOBE,2025-10
2025-10-01 04:25:00+00:00,2.180000066757202,2.180000066757202,2.180000066757202,2.1700000762939453,2.1700000762939453,330,GLOBE,2025-10
2025-10-01 04:30:00+00:00,2.180000066757202,2.180000066757202,2.180000066757202,2.180000066757202,2.180000066757202,178,GLOBE,2025-10
2025-10-01 04:35:00+00:00,2.180000066757202,2.180000066757202,2.180000066757202,2.1600000858306885,2.1600000858306885,219,GLOBE,2025-10
2025-10-01 04:40:00+00:00,2.180000066757202,2.180000066757202,2.180000066757202,2.180000066757202,2.180000066757202,2908,GLOBE,2025-10
2025-10-01 04:45:00+00:00,2.180000066757202,2.180000066757202,2.180000066757202,2.180000066757202,2.180000066757202,192,GLOBE,2025-10
2025-10-01 04:50:00+00:00,2.180000066757202,2.180000066757202,2.180000066757202,2.180000066757202,2.180000066757202,13,GLOBE,2025-10
2025-10-01 04:55:00+00:00,2.180000066757202,2.180000066757202,2.180000066757202,2.1700000762939453,2.1700000762939453,1720,GLOBE,2025-10
2025-10-01 05:00:00+00:00,2.180000066757202,2.180000066757202,2.180000066757202,2.1700000762939453,2.180000066757202,9743,GLOBE,2025-10
2025-10-01 05:05:00+00:00,2.190000057220459,2.190000057220459,2.190000057220459,2.190000057220459,2.190000057220459,9100,GLOBE,2025-10
2025-10-01 05:10:00+00:00,2.190000057220459,2.190000057220459,2.190000057220459,2.190000057220459,2.190000057220459,0,GLOBE,2025-10
2025-10-01 05:15:00+00:00,2.180000066757202,2.180000066757202,2.190000057220459,2.180000066757202,2.190000057220459,696,GLOBE,2025-10
2025-10-01 05:20:00+00:00,2.180000066757202,2.180000066757202,2.180000066757202,2.1700000762939453,2.1700000762939453,1993,GLOBE,2025-10
2025-10-01 05:25:00+00:00,2.180000066757202,2.180000066757202,2.180000066757202,2.180000066757202,2.180000066757202,0,GLOBE,2025-10
2025-10-01 05:30:00+00:00,2.180000066757202,2.180000066757202,2.180000066757202,2.180000066757202,2.180000066757202,145,GLOBE,2025-10
2025-10-01 05:35:00+00:00,2.180000066757202,2.180000066757202,2.180000066757202,2.1700000762939453,2.1700000762939453,998,GLOBE,2025-10
2025-10-01 05:40:00+00:00,2.180000066757202,2.180000066757202,2.180000066757202,2.180000066757202,2.180000066757202,183,GLOBE,2025-10
2025-10-01 05:45:00+00:00,2.180000066757202,2.180000066757202,2.180000066757202,2.180000066757202,2.180000066757202,209,GLOBE,2025-10
2025-10-01 05:50:00+00:00,2.1700000762939453,2.1700000762939453,2.180000066757202,2.1700000762939453,2.1700000762939453,3390,GLOBE,2025-10
2025-10-01 05:55:00+00:00,2.180000066757202,2.180000066757202,2.180000066757202,2.1700000762939453,2.1700000762939453,2697,GLOBE,2025-10
2025-10-01 06:00:00+00:00,2.180000066757202,2.180000066757202,2.190000057220459,2.180000066757202,2.190000057220459,1239,GLOBE,2025-10
2025-10-01 06:05:00+00:00,2.1600000858306885,2.1600000858306885,2.1600000858306885,2.1600000858306885,2.1600000858306885,4833,GLOBE,2025-10
2025-10-01 06:15:00+00:00,2.1600000858306885,2.1600000858306885,2.1600000858306885,2.1600000858306885,2.1600000858306885,0,GLOBE,2025-10
2025-10-01 06:20:00+00:00,2.180000066757202,2.180000066757202,2.180000066757202,2.180000066757202,2.180000066757202,1203,GLOBE,2025-10
2025-10-01 06:25:00+00:00,2.180000066757202,2.180000066757202,2.180000066757202,2.180000066757202,2.180000066757202,100,GLOBE,2025-10
2025-10-01 06:30:00+00:00,2.180000066757202,2.180000066757202,2.180000066757202,2.180000066757202,2.180000066757202,1125,GLOBE,2025-10
2025-10-01 06:35:00+00:00,2.1600000858306885,2.1600000858306885,2.1600000858306885,2.1600000858306885,2.1600000858306885,2120,GLOBE,2025-10
2025-10-01 06:40:00+00:00,2.1600000858306885,2.1600000858306885,2.1600000858306885,2.1600000858306885,2.1600000858306885,0,GLOBE,2025-10
2025-10-01 06:45:00+00:00,2.180000066757202,2.180000066757202,2.180000066757202,2.180000066757202,2.180000066757202,216,GLOBE,2025-10
2025-10-01 06:50:00+00:00,2.1700000762939453,2.1700000762939453,2.180000066757202,2.1700000762939453,2.180000066757202,27,GLOBE,2025-10
2025-10-01 07:00:00+00:00,2.1700000762939453,2.1700000762939453,2.1700000762939453,2.1700000762939453,2.1700000762939453,0,GLOBE,2025-10
2025-10-01 07:05:00+00:00,2.1700000762939453,2.1700000762939453,2.180000066757202,2.1700000762939453,2.180000066757202,345,GLOBE,2025-10
2025-10-01 07:10:00+00:00,2.180000066757202,2.180000066757202,2.180000066757202,2.180000066757202,2.180000066757202,0,GLOBE,2025-10
2025-10-01 07:15:00+00:00,2.1700000762939453,2.1700000762939453,2.180000066757202,2.1700000762939453,2.180000066757202,530,GLOBE,2025-10
2025-10-01 07:20:00+00:00,2.1700000762939453,2.1700000762939453,2.180000066757202,2.1700000762939453,2.180000066757202,501,GLOBE,2025-10
2025-10-01 07:25:00+00:00,2.190000057220459,2.190000057220459,2.190000057220459,2.1700000762939453,2.1700000762939453,10744,GLOBE,2025-10
2025-10-01 07:30:00+00:00,2.220000028610229,2.220000028610229,2.220000028610229,2.190000057220459,2.190000057220459,99991,GLOBE,2025-10
2025-10-01 07:35:00+00:00,2.200000047683716,2.200000047683716,2.220000028610229,2.200000047683716,2.2100000381469727,41213,GLOBE,2025-10
2025-10-01 07:40:00+00:00,2.220000028610229,2.220000028610229,2.220000028610229,2.200000047683716,2.200000047683716,26372,GLOBE,2025-10
2025-10-01 07:45:00+00:00,2.2100000381469727,2.2100000381469727,2.220000028610229,2.2100000381469727,2.220000028610229,0,GLOBE,2025-10
2025-10-01 07:50:00+00:00,2.2100000381469727,2.2100000381469727,2.2100000381469727,2.2100000381469727,2.2100000381469727,20294,GLOBE,2025-10
2025-10-01 07:55:00+00:00,2.220000028610229,2.220000028610229,2.220000028610229,2.220000028610229,2.220000028610229,0,GLOBE,2025-10
2025-10-01 08:00:00+00:00,2.220000028610229,2.220000028610229,2.220000028610229,2.2100000381469727,2.220000028610229,2809,GLOBE,2025-10
2025-10-01 08:05:00+00:00,2.2100000381469727,2.2100000381469727,2.220000028610229,2.2100000381469727,2.220000028610229,3773,GLOBE,2025-10
2025-10-01 08:10:00+00:00,2.2100000381469727,2.2100000381469727,2.2100000381469727,2.2100000381469727,2.2100000381469727,4240,GLOBE,2025-10
2025-10-01 08:15:00+00:00,2.220000028610229,2.220000028610229,2.220000028610229,2.220000028610229,2.220000028610229,0,GLOBE,2025-10
2025-10-01 08:20:00+00:00,2.2100000381469727,2.2100000381469727,2.220000028610229,2.2100000381469727,2.220000028610229,3438,GLOBE,2025-10
2025-10-01 08:25:00+00:00,2.2100000381469727,2.2100000381469727,2.2100000381469727,2.2100000381469727,2.2100000381469727,2593,GLOBE,2025-10
2025-10-01 08:30:00+00:00,2.220000028610229,2.220000028610229,2.220000028610229,2.220000028610229,2.220000028610229,54912,GLOBE,2025-10
2025-10-01 08:35:00+00:00,2.200000047683716,2.200000047683716,2.2300000190734863,2.200000047683716,2.2300000190734863,18280,GLOBE,2025-10
2025-10-01 08:40:00+00:00,2.2300000190734863,2.2300000190734863,2.2300000190734863,2.2300000190734863,2.2300000190734863,0,GLOBE,2025-10
2025-10-01 08:45:00+00:00,2.2300000190734863,2.2300000190734863,2.2300000190734863,2.2100000381469727,2.2300000190734863,9720,GLOBE,2025-10
2025-10-01 08:50:00+00:00,2.2100000381469727,2.2100000381469727,2.2100000381469727,2.2100000381469727,2.2100000381469727,4304,GLOBE,2025-10
2025-10-01 09:00:00+00:00,2.2300000190734863,2.2300000190734863,2.2300000190734863,2.220000028610229,2.220000028610229,9900,GLOBE,2025-10
2025-10-01 09:05:00+00:00,2.2100000381469727,2.2100000381469727,2.2300000190734863,2.2100000381469727,2.2300000190734863,290,GLOBE,2025-10
2025-10-01 09:10:00+00:00,2.220000028610229,2.220000028610229,2.2300000190734863,2.2100000381469727,2.2300000190734863,1189,GLOBE,2025-10
2025-10-01 09:15:00+00:00,2.220000028610229,2.220000028610229,2.220000028610229,2.220000028610229,2.220000028610229,2168,GLOBE,2025-10
2025-10-01 09:20:00+00:00,2.2300000190734863,2.2300000190734863,2.2300000190734863,2.220000028610229,2.2300000190734863,47232,GLOBE,2025-10
2025-10-01 09:25:00+00:00,2.220000028610229,2.220000028610229,2.2300000190734863,2.220000028610229,2.2300000190734863,5324,GLOBE,2025-10
2025-10-01 09:30:00+00:00,2.220000028610229,2.220000028610229,2.2300000190734863,2.220000028610229,2.220000028610229,1990,GLOBE,2025-10
2025-10-01 09:35:00+00:00,2.240000009536743,2.240000009536743,2.240000009536743,2.220000028610229,2.220000028610229,24311,GLOBE,2025-10
2025-10-01 09:40:00+00:00,2.2300000190734863,2.2300000190734863,2.2300000190734863,2.2300000190734863,2.2300000190734863,3224,GLOBE,2025-10
2025-10-01 09:45:00+00:00,2.240000009536743,2.240000009536743,2.240000009536743,2.240000009536743,2.240000009536743,4931,GLOBE,2025-10
2025-10-01 09:50:00+00:00,2.25,2.25,2.25,2.2300000190734863,2.25,455,GLOBE,2025-10
2025-10-01 09:55:00+00:00,2.2300000190734863,2.2300000190734863,2.25,2.220000028610229,2.25,9124,GLOBE,2025-10
2025-10-03 03:45:00+00:00,2.25,2.25,2.259999990463257,2.25,2.25,0,GLOBE,2025-10
2025-10-03 03:50:00+00:00,2.259999990463257,2.259999990463257,2.259999990463257,2.240000009536743,2.25,20816,GLOBE,2025-10
2025-10-03 03:55:00+00:00,2.240000009536743,2.240000009536743,2.259999990463257,2.240000009536743,2.259999990463257,5382,GLOBE,2025-10
2025-10-03 04:00:00+00:00,2.25,2.25,2.259999990463257,2.2300000190734863,2.259999990463257,0,GLOBE,2025-10
2025-10-03 04:05:00+00:00,2.2300000190734863,2.2300000190734863,2.2300000190734863,2.2300000190734863,2.2300000190734863,863,GLOBE,2025-10
2025-10-03 04:10:00+00:00,2.25,2.25,2.25,2.25,2.25,151,GLOBE,2025-10
2025-10-03 04:15:00+00:00,2.25,2.25,2.25,2.240000009536743,2.25,4807,GLOBE,2025-10
2025-10-03 04:20:00+00:00,2.25,2.25,2.25,2.25,2.25,327,GLOBE,2025-10
2025-10-03 04:25:00+00:00,2.25,2.25,2.25,2.25,2.25,259,GLOBE,2025-10
2025-10-03 04:30:00+00:00,2.240000009536743,2.240000009536743,2.25,2.240000009536743,2.25,10314,GLOBE,2025-10
2025-10-03 04:35:00+00:00,2.25,2.25,2.25,2.2300000190734863,2.2300000190734863,703,GLOBE,2025-10
2025-10-03 04:40:00+00:00,2.25,2.25,2.25,2.25,2.25,21,GLOBE,2025-10
2025-10-03 04:45:00+00:00,2.25,2.25,2.25,2.2300000190734863,2.25,1007,GLOBE,2025-10
2025-10-03 04:50:00+00:00,2.2300000190734863,2.2300000190734863,2.240000009536743,2.2300000190734863,2.240000009536743,10688,GLOBE,2025-10
2025-10-03 04:55:00+00:00,2.240000009536743,2.240000009536743,2.240000009536743,2.240000009536743,2.240000009536743,343,GLOBE,2025-10
2025-10-03 05:00:00+00:00,2.240000009536743,2.240000009536743,2.240000009536743,2.240000009536743,2.240000009536743,241,GLOBE,2025-10
2025-10-03 05:05:00+00:00,2.25,2.25,2.25,2.220000028610229,2.240000009536743,21063,GLOBE,2025-10
2025-10-03 05:10:00+00:00,2.25,2.25,2.25,2.25,2.25,2093,GLOBE,2025-10
2025-10-03 05:20:00+00:00,2.240000009536743,2.240000009536743,2.240000009536743,2.240000009536743,2.240000009536743,0,GLOBE,2025-10
2025-10-03 05:25:00+00:00,2.25,2.25,2.25,2.25,2.25,0,GLOBE,2025-10
2025-10-03 05:30:00+00:00,2.25,2.25,2.25,2.2300000190734863,2.2300000190734863,805,GLOBE,2025-10
2025-10-03 05:35:00+00:00,2.25,2.25,2.25,2.25,2.25,505,GLOBE,2025-10
2025-10-03 05:40:00+00:00,2.2300000190734863,2.2300000190734863,2.240000009536743,2.2300000190734863,2.240000009536743,288,GLOBE,2025-10
2025-10-03 05:45:00+00:00,2.25,2.25,2.25,2.240000009536743,2.240000009536743,238,GLOBE,2025-10
2025-10-03 05:50:00+00:00,2.240000009536743,2.240000009536743,2.25,2.240000009536743,2.25,1514,GLOBE,2025-10
2025-10-03 05:55:00+00:00,2.240000009536743,2.240000009536743,2.240000009536743,2.220000028610229,2.220000028610229,20832,GLOBE,2025-10
2025-10-03 06:00:00+00:00,2.240000009536743,2.240000009536743,2.240000009536743,2.240000009536743,2.240000009536743,73,GLOBE,2025-10
2025-10-03 06:05:00+00:00,2.240000009536743,2.240000009536743,2.240000009536743,2.240000009536743,2.240000009536743,1230,GLOBE,2025-10
2025-10-03 06:10:00+00:00,2.240000009536743,2.240000009536743,2.240000009536743,2.240000009536743,2.240000009536743,0,GLOBE,2025-10
2025-10-03 06:20:00+00:00,2.240000009536743,2.240000009536743,2.240000009536743,2.240000009536743,2.240000009536743,188,GLOBE,2025-10
2025-10-03 06:25:00+00:00,2.240000009536743,2.240000009536743,2.240000009536743,2.240000009536743,2.240000009536743,2565,GLOBE,2025-10
2025-10-03 06:30:00+00:00,2.240000009536743,2.240000009536743,2.240000009536743,2.240000009536743,2.240000009536743,985,GLOBE,2025-10
2025-10-03 06:35:00+00:00,2.240000009536743,2.240000009536743,2.240000009536743,2.2300000190734863,2.240000009536743,0,GLOBE,2025-10
2025-10-03 06:40:00+00:00,2.25,2.25,2.25,2.240000009536743,2.240000009536743,20656,GLOBE,2025-10
2025-10-03 06:45:00+00:00,2.2300000190734863,2.2300000190734863,2.2300000190734863,2.2300000190734863,2.2300000190734863,0,GLOBE,2025-10
2025-10-03 06:50:00+00:00,2.2300000190734863,2.2300000190734863,2.2300000190734863,2.2300000190734863,2.2300000190734863,5842,GLOBE,2025-10
2025-10-03 06:55:00+00:00,2.2300000190734863,2.2300000190734863,2.25,2.2300000190734863,2.2300000190734863,1258,GLOBE,2025-10
2025-10-03 07:00:00+00:00,2.25,2.25,2.25,2.25,2.25,90,GLOBE,2025-10
2025-10-03 07:05:00+00:00,2.2300000190734863,2.2300000190734863,2.25,2.2300000190734863,2.2300000190734863,1119,GLOBE,2025-10
2025-10-03 07:10:00+00:00,2.25,2.25,2.25,2.2300000190734863,2.2300000190734863,0,GLOBE,2025-10
2025-10-03 07:15:00+00:00,2.25,2.25,2.25,2.25,2.25,0,GLOBE,2025-10
2025-10-03 07:20:00+00:00,2.2300000190734863,2.2300000190734863,2.25,2.2300000190734863,2.25,1838,GLOBE,2025-10
2025-10-03 07:25:00+00:00,2.220000028610229,2.220000028610229,2.220000028610229,2.220000028610229,2.220000028610229,26634,GLOBE,2025-10
2025-10-03 07:30:00+00:00,2.2100000381469727,2.2100000381469727,2.220000028610229,2.2100000381469727,2.220000028610229,23352,GLOBE,2025-10
2025-10-03 07:35:00+00:00,2.2100000381469727,2.2100000381469727,2.2100000381469727,2.2100000381469727,2.2100000381469727,0,GLOBE,2025-10
2025-10-03 07:40:00+00:00,2.220000028610229,2.220000028610229,2.220000028610229,2.220000028610229,2.220000028610229,335,GLOBE,2025-10
2025-10-03 07:45:00+00:00,2.2300000190734863,2.2300000190734863,2.2300000190734863,2.220000028610229,2.220000028610229,5625,GLOBE,2025-10
2025-10-03 07:50:00+00:00,2.2300000190734863,2.2300000190734863,2.2300000190734863,2.2300000190734863,2.2300000190734863,26,GLOBE,2025-10
2025-10-03 08:00:00+00:00,2.2100000381469727,2.2100000381469727,2.2300000190734863,2.2100000381469727,2.2300000190734863,12890,GLOBE,2025-10
2025-10-03 08:05:00+00:00,2.2300000190734863,2.2300000190734863,2.2300000190734863,2.2300000190734863,2.2300000190734863,9756,GLOBE,2025-10
2025-10-03 08:10:00+00:00,2.2300000190734863,2.2300000190734863,2.2300000190734863,2.2300000190734863,2.2300000190734863,0,GLOBE,2025-10
2025-10-03 08:15:00+00:00,2.240000009536743,2.240000009536743,2.240000009536743,2.220000028610229,2.220000028610229,29522,GLOBE,2025-10
2025-10-03 08:20:00+00:00,2.2300000190734863,2.2300000190734863,2.2300000190734863,2.2300000190734863,2.2300000190734863,2000,GLOBE,2025-10
2025-10-03 08:25:00+00:00,2.240000009536743,2.240000009536743,2.240000009536743,2.2300000190734863,2.2300000190734863,330,GLOBE,2025-10
2025-10-03 08:30:00+00:00,2.240000009536743,2.240000009536743,2.240000009536743,2.240000009536743,2.240000009536743,0,GLOBE,2025-10
2025-10-03 08:35:00+00:00,2.240000009536743,2.240000009536743,2.240000009536743,2.240000009536743,2.240000009536743,20,GLOBE,2025-10
2025-10-03 08:40:00+00:00,2.240000009536743,2.240000009536743,2.240000009536743,2.240000009536743,2.240000009536743,11,GLOBE,2025-10
2025-10-03 08:45:00+00:00,2.2300000190734863,2.2300000190734863,2.2300000190734863,2.220000028610229,2.220000028610229,10064,GLOBE,2025-10
2025-10-03 08:50:00+00:00,2.2300000190734863,2.2300000190734863,2.2300000190734863,2.2300000190734863,2.2300000190734863,677,GLOBE,2025-10
2025-10-03 08:55:00+00:00,2.2300000190734863,2.2300000190734863,2.2300000190734863,2.2300000190734863,2.2300000190734863,1003,GLOBE,2025-10
2025-10-03 09:00:00+00:00,2.220000028610229,2.220000028610229,2.220000028610229,2.220000028610229,2.220000028610229,8432,GLOBE,2025-10
2025-10-03 09:05:00+00:00,2.240000009536743,2.240000009536743,2.240000009536743,2.220000028610229,2.220000028610229,6900,GLOBE,2025-10
2025-10-03 09:10:00+00:00,2.240000009536743,2.240000009536743,2.240000009536743,2.240000009536743,2.240000009536743,140,GLOBE,2025-10
2025-10-03 09:15:00+00:00,2.240000009536743,2.240000009536743,2.240000009536743,2.240000009536743,2.240000009536743,0,GLOBE,2025-10
2025-10-03 09:20:00+00:00,2.220000028610229,2.220000028610229,2.240000009536743,2.220000028610229,2.220000028610229,9098,GLOBE,2025-10
2025-10-03 09:30:00+00:00,2.220000028610229,2.220000028610229,2.2300000190734863,2.220000028610229,2.2300000190734863,0,GLOBE,2025-10
2025-10-03 09:35:00+00:00,2.240000009536743,2.240000009536743,2.240000009536743,2.220000028610229,2.220000028610229,872,GLOBE,2025-10
2025-10-03 09:40:00+00:00,2.2300000190734863,2.2300000190734863,2.2300000190734863,2.2300000190734863,2.2300000190734863,31,GLOBE,2025-10
2025-10-03 09:45:00+00:00,2.2300000190734863,2.2300000190734863,2.2300000190734863,2.2300000190734863,2.2300000190734863,2277,GLOBE,2025-10
2025-10-03 09:50:00+00:00,2.2300000190734863,2.2300000190734863,2.240000009536743,2.220000028610229,2.2300000190734863,27060,GLOBE,2025-10
2025-10-03 09:55:00+00:00,2.220000028610229,2.220000028610229,2.240000009536743,2.220000028610229,2.240000009536743,3105,GLOBE,2025-10
2025-10-06 03:45:00+00:00,2.200000047683716,2.200000047683716,2.220000028610229,2.200000047683716,2.220000028610229,0,GLOBE,2025-10
2025-10-06 03:50:00+00:00,2.220000028610229,2.220000028610229,2.220000028610229,2.2100000381469727,2.220000028610229,5096,GLOBE,2025-10
2025-10-06 03:55:00+00:00,2.200000047683716,2.200000047683716,2.2100000381469727,2.200000047683716,2.2100000381469727,15816,GLOBE,2025-10
2025-10-06 04:00:00+00:00,2.220000028610229,2.220000028610229,2.220000028610229,2.2100000381469727,2.2100000381469727,0,GLOBE,2025-10
2025-10-06 04:05:00+00:00,2.220000028610229,2.220000028610229,2.220000028610229,2.220000028610229,2.220000028610229,9,GLOBE,2025-10
2025-10-06 04:10:00+00:00,2.220000028610229,2.220000028610229,2.220000028610229,2.2100000381469727,2.2100000381469727,4396,GLOBE,2025-10
2025-10-06 04:15:00+00:00,2.220000028610229,2.220000028610229,2.220000028610229,2.220000028610229,2.220000028610229,618,GLOBE,2025-10
2025-10-06 04:20:00+00:00,2.220000028610229,2.220000028610229,2.220000028610229,2.220000028610229,2.220000028610229,759,GLOBE,2025-10
2025-10-06 04:25:00+00:00,2.220000028610229,2.220000028610229,2.220000028610229,2.220000028610229,2.220000028610229,420,GLOBE,2025-10
2025-10-06 04:30:00+00:00,2.220000028610229,2.220000028610229,2.220000028610229,2.220000028610229,2.220000028610229,0,GLOBE,2025-10
2025-10-06 04:35:00+00:00,2.220000028610229,2.220000028610229,2.220000028610229,2.220000028610229,2.220000028610229,5601,GLOBE,2025-10
2025-10-06 04:40:00+00:00,2.200000047683716,2.200000047683716,2.220000028610229,2.200000047683716,2.220000028610229,31805,GLOBE,2025-10
2025-10-06 04:45:00+00:00,2.200000047683716,2.200000047683716,2.220000028610229,2.200000047683716,2.220000028610229,0,GLOBE,2025-10
2025-10-06 04:50:00+00:00,2.200000047683716,2.200000047683716,2.220000028610229,2.200000047683716,2.220000028610229,4809,GLOBE,2025-10
2025-10-06 04:55:00+00:00,2.200000047683716,2.200000047683716,2.200000047683716,2.200000047683716,2.200000047683716,9700,GLOBE,2025-10
2025-10-06 05:00:00+00:00,2.220000028610229,2.220000028610229,2.220000028610229,2.2100000381469727,2.2100000381469727,1852,GLOBE,2025-10
2025-10-06 05:05:00+00:00,2.2100000381469727,2.2100000381469727,2.2100000381469727,2.2100000381469727,2.2100000381469727,10,GLOBE,2025-10
2025-10-06 05:10:00+00:00,2.220000028610229,2.220000028610229,2.220000028610229,2.2100000381469727,2.2100000381469727,40,GLOBE,2025-10
2025-10-06 05:15:00+00:00,2.220000028610229,2.220000028610229,2.220000028610229,2.2100000381469727,2.220000028610229,6341,GLOBE,2025-10
2025-10-06 05:20:00+00:00,2.220000028610229,2.220000028610229,2.220000028610229,2.200000047683716,2.200000047683716,10101,GLOBE,2025-10
2025-10-06 05:25:00+00:00,2.220000028610229,2.220000028610229,2.220000028610229,2.220000028610229,2.220000028610229,25,GLOBE,2025-10
2025-10-06 05:30:00+00:00,2.200000047683716,2.200000047683716,2.220000028610229,2.190000057220459,2.220000028610229,42745,GLOBE,2025-10
2025-10-06 05:35:00+00:00,2.200000047683716,2.200000047683716,2.200000047683716,2.200000047683716,2.200000047683716,200,GLOBE,2025-10
2025-10-06 05:40:00+00:00,2.190000057220459,2.190000057220459,2.190000057220459,2.190000057220459,2.190000057220459,481,GLOBE,2025-10
2025-10-06 05:45:00+00:00,2.200000047683716,2.200000047683716,2.200000047683716,2.200000047683716,2.200000047683716,170,GLOBE,2025-10
2025-10-06 05:50:00+00:00,2.180000066757202,2.180000066757202,2.190000057220459,2.180000066757202,2.190000057220459,14565,GLOBE,2025-10
2025-10-06 05:55:00+00:00,2.180000066757202,2.180000066757202,2.180000066757202,2.180000066757202,2.180000066757202,5000,GLOBE,2025-10
2025-10-06 06:00:00+00:00,2.180000066757202,2.180000066757202,2.180000066757202,2.180000066757202,2.180000066757202,0,GLOBE,2025-10
2025-10-06 06:15:00+00:00,2.200000047683716,2.200000047683716,2.200000047683716,2.190000057220459,2.200000047683716,4636,GLOBE,2025-10
2025-10-06 06:25:00+00:00,2.200000047683716,2.200000047683716,2.200000047683716,2.200000047683716,2.200000047683716,160,GLOBE,2025-10
2025-10-06 06:30:00+00:00,2.190000057220459,2.190000057220459,2.190000057220459,2.190000057220459,2.190000057220459,1100,GLOBE,2025-10
2025-10-06 06:35:00+00:00,2.200000047683716,2.200000047683716,2.200000047683716,2.200000047683716,2.200000047683716,0,GLOBE,2025-10
2025-10-06 06:40:00+00:00,2.200000047683716,2.200000047683716,2.200000047683716,2.200000047683716,2.200000047683716,1022,GLOBE,2025-10
2025-10-06 06:45:00+00:00,2.200000047683716,2.200000047683716,2.200000047683716,2.200000047683716,2.200000047683716,4,GLOBE,2025-10
2025-10-06 06:50:00+00:00,2.190000057220459,2.190000057220459,2.200000047683716,2.190000057220459,2.190000057220459,7305,GLOBE,2025-10
2025-10-06 06:55:00+00:00,2.200000047683716,2.200000047683716,2.200000047683716,2.200000047683716,2.200000047683716,0,GLOBE,2025-10
2025-10-06 07:05:00+00:00,2.190000057220459,2.190000057220459,2.200000047683716,2.190000057220459,2.200000047683716,1645,GLOBE,2025-10
2025-10-06 07:10:00+00:00,2.190000057220459,2.190000057220459,2.190000057220459,2.190000057220459,2.190000057220459,0,GLOBE,2025-10
2025-10-06 07:15:00+00:00,2.190000057220459,2.190000057220459,2.190000057220459,2.190000057220459,2.190000057220459,105,GLOBE,2025-10
2025-10-06 07:20:00+00:00,2.200000047683716,2.200000047683716,2.200000047683716,2.200000047683716,2.200000047683716,530,GLOBE,2025-10
2025-10-06 07:25:00+00:00,2.200000047683716,2.200000047683716,2.200000047683716,2.200000047683716,2.200000047683716,0,GLOBE,2025-10
2025-10-06 07:35:00+00:00,2.200000047683716,2.200000047683716,2.200000047683716,2.200000047683716,2.200000047683716,363,GLOBE,2025-10
2025-10-06 07:40:00+00:00,2.190000057220459,2.190000057220459,2.200000047683716,2.180000066757202,2.200000047683716,49880,GLOBE,2025-10
2025-10-06 07:45:00+00:00,2.200000047683716,2.200000047683716,2.200000047683716,2.200000047683716,2.200000047683716,4992,GLOBE,2025-10
2025-10-06 07:50:00+00:00,2.200000047683716,2.200000047683716,2.200000047683716,2.200000047683716,2.200000047683716,544,GLOBE,2025-10
2025-10-06 07:55:00+00:00,2.190000057220459,2.190000057220459,2.200000047683716,2.190000057220459,2.200000047683716,0,GLOBE,2025-10
2025-10-06 08:05:00+00:00,2.180000066757202,2.180000066757202,2.190000057220459,2.180000066757202,2.190000057220459,3452,GLOBE,2025-10
2025-10-06 08:10:00+00:00,2.190000057220459,2.190000057220459,2.190000057220459,2.190000057220459,2.190000057220459,5615,GLOBE,2025-10
2025-10-06 08:15:00+00:00,2.190000057220459,2.190000057220459,2.190000057220459,2.190000057220459,2.190000057220459,0,GLOBE,2025-10
2025-10-06 08:25:00+00:00,2.200000047683716,2.200000047683716,2.200000047683716,2.190000057220459,2.190000057220459,131,GLOBE,2025-10
2025-10-06 08:30:00+00:00,2.190000057220459,2.190000057220459,2.190000057220459,2.190000057220459,2.190000057220459,0,GLOBE,2025-10
2025-10-06 08:35:00+00:00,2.190000057220459,2.190000057220459,2.200000047683716,2.190000057220459,2.200000047683716,3199,GLOBE,2025-10
2025-10-06 08:45:00+00:00,2.200000047683716,2.200000047683716,2.200000047683716,2.190000057220459,2.200000047683716,3174,GLOBE,2025-10
2025-10-06 08:50:00+00:00,2.190000057220459,2.190000057220459,2.190000057220459,2.190000057220459,2.190000057220459,1000,GLOBE,2025-10
2025-10-06 08:55:00+00:00,2.200000047683716,2.200000047683716,2.2100000381469727,2.200000047683716,2.2100000381469727,9500,GLOBE,2025-10
2025-10-06 09:00:00+00:00,2.2100000381469727,2.2100000381469727,2.2100000381469727,2.200000047683716,2.200000047683716,0,GLOBE,2025-10
2025-10-06 09:05:00+00:00,2.200000047683716,2.200000047683716,2.2100000381469727,2.200000047683716,2.2100000381469727,1408,GLOBE,2025-10
2025-10-06 09:10:00+00:00,2.190000057220459,2.190000057220459,2.190000057220459,2.190000057220459,2.190000057220459,631,GLOBE,2025-10
2025-10-06 09:15:00+00:00,2.190000057220459,2.190000057220459,2.190000057220459,2.190000057220459,2.190000057220459,22563,GLOBE,2025-10
2025-10-06 09:20:00+00:00,2.190000057220459,2.190000057220459,2.190000057220459,2.190000057220459,2.190000057220459,81,GLOBE,2025-10
2025-10-06 09:25:00+00:00,2.200000047683716,2.200000047683716,2.200000047683716,2.200000047683716,2.200000047683716,212,GLOBE,2025-10
2025-10-06 09:30:00+00:00,2.200000047683716,2.200000047683716,2.200000047683716,2.200000047683716,2.200000047683716,38,GLOBE,2025-10
2025-10-06 09:35:00+00:00,2.190000057220459,2.190000057220459,2.190000057220459,2.190000057220459,2.190000057220459,5040,GLOBE,2025-10
2025-10-06 09:40:00+00:00,2.2100000381469727,2.2100000381469727,2.2100000381469727,2.200000047683716,2.200000047683716,5620,GLOBE,2025-10
2025-10-06 09:45:00+00:00,2.200000047683716,2.200000047683716,2.200000047683716,2.180000066757202,2.190000057220459,9819,GLOBE,2025-10
2025-10-06 09:50:00+00:00,2.2100000381469727,2.2100000381469727,2.2100000381469727,2.200000047683716,2.200000047683716,29655,GLOBE,2025-10
2025-10-06 09:55:00+00:00,2.190000057220459,2.190000057220459,2.200000047683716,2.190000057220459,2.200000047683716,0,GLOBE,2025-10
2025-10-07 03:45:00+00:00,2.190000057220459,2.190000057220459,2.190000057220459,2.180000066757202,2.190000057220459,3047,GLOBE,2025-10
2025-10-07 03:50:00+00:00,2.180000066757202,2.180000066757202,2.190000057220459,2.180000066757202,2.190000057220459,5675,GLOBE,2025-10
2025-10-07 03:55:00+00:00,2.190000057220459,2.190000057220459,2.200000047683716,2.190000057220459,2.200000047683716,4063,GLOBE,2025-10
2025-10-07 04:00:00+00:00,2.190000057220459,2.190000057220459,2.220000028610229,2.190000057220459,2.190000057220459,19323,GLOBE,2025-10
2025-10-07 04:05:00+00:00,2.190000057220459,2.190000057220459,2.2100000381469727,2.180000066757202,2.190000057220459,35788,GLOBE,2025-10
2025-10-07 04:10:00+00:00,2.200000047683716,2.200000047683716,2.200000047683716,2.1700000762939453,2.190000057220459,74632,GLOBE,2025-10
2025-10-07 04:15:00+00:00,2.190000057220459,2.190000057220459,2.190000057220459,2.180000066757202,2.190000057220459,10014,GLOBE,2025-10
2025-10-07 04:20:00+00:00,2.190000057220459,2.190000057220459,2.190000057220459,2.1700000762939453,2.190000057220459,9070,GLOBE,2025-10
2025-10-07 04:25:00+00:00,2.1700000762939453,2.1700000762939453,2.190000057220459,2.1700000762939453,2.190000057220459,256,GLOBE,2025-10
2025-10-07 04:30:00+00:00,2.180000066757202,2.180000066757202,2.190000057220459,2.180000066757202,2.180000066757202,357,GLOBE,2025-10
2025-10-07 04:35:00+00:00,2.190000057220459,2.190000057220459,2.190000057220459,2.180000066757202,2.180000066757202,1921,GLOBE,2025-10
2025-10-07 04:40:00+00:00,2.190000057220459,2.190000057220459,2.190000057220459,2.190000057220459,2.190000057220459,390,GLOBE,2025-10
2025-10-07 04:45:00+00:00,2.180000066757202,2.180000066757202,2.190000057220459,2.180000066757202,2.190000057220459,4902,GLOBE,2025-10
2025-10-07 04:50:00+00:00,2.180000066757202,2.180000066757202,2.180000066757202,2.180000066757202,2.180000066757202,12232,GLOBE,2025-10
2025-10-07 04:55:00+00:00,2.180000066757202,2.180000066757202,2.190000057220459,2.180000066757202,2.190000057220459,0,GLOBE,2025-10
2025-10-07 05:00:00+00:00,2.190000057220459,2.190000057220459,2.190000057220459,2.190000057220459,2.190000057220459,0,GLOBE,2025-10
2025-10-07 05:05:00+00:00,2.1700000762939453,2.1700000762939453,2.180000066757202,2.1700000762939453,2.180000066757202,8662,GLOBE,2025-10
2025-10-07 05:10:00+00:00,2.190000057220459,2.190000057220459,2.190000057220459,2.1700000762939453,2.1700000762939453,0,GLOBE,2025-10
2025-10-07 05:15:00+00:00,2.180000066757202,2.180000066757202,2.180000066757202,2.180000066757202,2.180000066757202,19,GLOBE,2025-10
2025-10-07 05:20:00+00:00,2.1600000858306885,2.1600000858306885,2.180000066757202,2.1600000858306885,2.180000066757202,73422,GLOBE,2025-10
2025-10-07 05:25:00+00:00,2.180000066757202,2.180000066757202,2.180000066757202,2.1600000858306885,2.1600000858306885,0,GLOBE,2025-10
2025-10-07 05:30:00+00:00,2.1700000762939453,2.1700000762939453,2.180000066757202,2.1700000762939453,2.180000066757202,99999,GLOBE,2025-10
2025-10-07 05:35:00+00:00,2.1700000762939453,2.1700000762939453,2.180000066757202,2.1700000762939453,2.1700000762939453,1407,GLOBE,2025-10
2025-10-07 05:40:00+00:00,2.180000066757202,2.180000066757202,2.180000066757202,2.1700000762939453,2.1700000762939453,6139,GLOBE,2025-10
2025-10-07 05:45:00+00:00,2.180000066757202,2.180000066757202,2.180000066757202,2.180000066757202,2.180000066757202,716,GLOBE,2025-10
2025-10-07 05:50:00+00:00,2.180000066757202,2.180000066757202,2.180000066757202,2.1700000762939453,2.1700000762939453,4040,GLOBE,2025-10
2025-10-07 05:55:00+00:00,2.180000066757202,2.180000066757202,2.180000066757202,2.1700000762939453,2.180000066757202,61367,GLOBE,2025-10
2025-10-07 06:00:00+00:00,2.180000066757202,2.180000066757202,2.190000057220459,2.180000066757202,2.190000057220459,23068,GLOBE,2025-10
2025-10-07 06:05:00+00:00,2.180000066757202,2.180000066757202,2.180000066757202,2.180000066757202,2.180000066757202,558,GLOBE,2025-10
2025-10-07 06:10:00+00:00,2.180000066757202,2.180000066757202,2.180000066757202,2.180000066757202,2.180000066757202,130,GLOBE,2025-10
2025-10-07 06:15:00+00:00,2.190000057220459,2.190000057220459,2.190000057220459,2.190000057220459,2.190000057220459,104,GLOBE,2025-10
2025-10-07 06:20:00+00:00,2.190000057220459,2.190000057220459,2.190000057220459,2.190000057220459,2.190000057220459,518,GLOBE,2025-10
2025-10-07 06:25:00+00:00,2.180000066757202,2.180000066757202,2.190000057220459,2.180000066757202,2.190000057220459,2743,GLOBE,2025-10
2025-10-07 06:30:00+00:00,2.180000066757202,2.180000066757202,2.180000066757202,2.180000066757202,2.180000066757202,37,GLOBE,2025-10
2025-10-07 06:35:00+00:00,2.180000066757202,2.180000066757202,2.190000057220459,2.180000066757202,2.180000066757202,2383,GLOBE,2025-10
2025-10-07 06:50:00+00:00,2.180000066757202,2.180000066757202,2.180000066757202,2.180000066757202,2.180000066757202,888,GLOBE,2025-10
2025-10-07 06:55:00+00:00,2.180000066757202,2.180000066757202,2.180000066757202,2.180000066757202,2.180000066757202,752,GLOBE,2025-10
2025-10-07 07:00:00+00:00,2.190000057220459,2.190000057220459,2.190000057220459,2.180000066757202,2.180000066757202,323,GLOBE,2025-10
2025-10-07 07:05:00+00:00,2.180000066757202,2.180000066757202,2.190000057220459,2.180000066757202,2.190000057220459,335,GLOBE,2025-10
2025-10-07 07:10:00+00:00,2.190000057220459,2.190000057220459,2.190000057220459,2.190000057220459,2.190000057220459,0,GLOBE,2025-10
2025-10-07 07:15:00+00:00,2.180000066757202,2.180000066757202,2.190000057220459,2.180000066757202,2.190000057220459,1156,GLOBE,2025-10
2025-10-07 07:20:00+00:00,2.190000057220459,2.190000057220459,2.190000057220459,2.180000066757202,2.180000066757202,2473,GLOBE,2025-10
2025-10-07 07:25:00+00:00,2.190000057220459,2.190000057220459,2.190000057220459,2.180000066757202,2.180000066757202,20,GLOBE,2025-10
2025-10-07 07:30:00+00:00,2.190000057220459,2.190000057220459,2.190000057220459,2.180000066757202,2.190000057220459,431,GLOBE,2025-10
2025-10-07 07:35:00+00:00,2.200000047683716,2.200000047683716,2.200000047683716,2.190000057220459,2.190000057220459,42260,GLOBE,2025-10
2025-10-07 07:40:00+00:00,2.190000057220459,2.190000057220459,2.190000057220459,2.190000057220459,2.190000057220459,24527,GLOBE,2025-10
2025-10-07 07:45:00+00:00,2.190000057220459,2.190000057220459,2.190000057220459,2.190000057220459,2.190000057220459,0,GLOBE,2025-10
2025-10-07 07:50:00+00:00,2.190000057220459,2.190000057220459,2.190000057220459,2.180000066757202,2.190000057220459,82,GLOBE,2025-10
2025-10-07 07:55:00+00:00,2.180000066757202,2.180000066757202,2.190000057220459,2.180000066757202,2.190000057220459,13304,GLOBE,2025-10
2025-10-07 08:00:00+00:00,2.180000066757202,2.180000066757202,2.180000066757202,2.180000066757202,2.180000066757202,295,GLOBE,2025-10
2025-10-07 08:05:00+00:00,2.190000057220459,2.190000057220459,2.190000057220459,2.190000057220459,2.190000057220459,1125,GLOBE,2025-10
2025-10-07 08:10:00+00:00,2.180000066757202,2.180000066757202,2.190000057220459,2.180000066757202,2.180000066757202,2199,GLOBE,2025-10
2025-10-07 08:15:00+00:00,2.180000066757202,2.180000066757202,2.190000057220459,2.180000066757202,2.190000057220459,2437,GLOBE,2025-10
2025-10-07 08:20:00+00:00,2.190000057220459,2.190000057220459,2.190000057220459,2.180000066757202,2.180000066757202,1531,GLOBE,2025-10
2025-10-07 08:25:00+00:00,2.180000066757202,2.180000066757202,2.180000066757202,2.180000066757202,2.180000066757202,0,GLOBE,2025-10
2025-10-07 08:40:00+00:00,2.190000057220459,2.190000057220459,2.190000057220459,2.190000057220459,2.190000057220459,4660,GLOBE,2025-10
2025-10-07 08:45:00+00:00,2.190000057220459,2.190000057220459,2.190000057220459,2.190000057220459,2.190000057220459,2220,GLOBE,2025-10
2025-10-07 08:50:00+00:00,2.180000066757202,2.180000066757202,2.180000066757202,2.180000066757202,2.180000066757202,0,GLOBE,2025-10
2025-10-07 08:55:00+00:00,2.180000066757202,2.180000066757202,2.180000066757202,2.180000066757202,2.180000066757202,4500,GLOBE,2025-10
2025-10-07 09:00:00+00:00,2.180000066757202,2.180000066757202,2.180000066757202,2.180000066757202,2.180000066757202,0,GLOBE,2025-10
2025-10-07 09:05:00+00:00,2.190000057220459,2.190000057220459,2.190000057220459,2.180000066757202,2.190000057220459,4127,GLOBE,2025-10
2025-10-07 09:10:00+00:00,2.180000066757202,2.180000066757202,2.190000057220459,2.180000066757202,2.180000066757202,15695,GLOBE,2025-10
2025-10-07 09:15:00+00:00,2.190000057220459,2.190000057220459,2.190000057220459,2.180000066757202,2.180000066757202,0,GLOBE,2025-10
2025-10-07 09:20:00+00:00,2.180000066757202,2.180000066757202,2.190000057220459,2.180000066757202,2.180000066757202,1255,GLOBE,2025-10
2025-10-07 09:30:00+00:00,2.180000066757202,2.180000066757202,2.180000066757202,2.180000066757202,2.180000066757202,30999,GLOBE,2025-10
2025-10-07 09:35:00+00:00,2.180000066757202,2.180000066757202,2.180000066757202,2.180000066757202,2.180000066757202,1520,GLOBE,2025-10
2025-10-07 09:40:00+00:00,2.190000057220459,2.190000057220459,2.190000057220459,2.1700000762939453,2.180000066757202,9149,GLOBE,2025-10
2025-10-07 09:45:00+00:00,2.180000066757202,2.180000066757202,2.190000057220459,2.180000066757202,2.190000057220459,8103,GLOBE,2025-10
2025-10-07 09:50:00+00:00,2.200000047683716,2.200000047683716,2.200000047683716,2.180000066757202,2.190000057220459,16190,GLOBE,2025-10
2025-10-07 09:55:00+00:00,2.180000066757202,2.180000066757202,2.2100000381469727,2.180000066757202,2.200000047683716,32192,GLOBE,2025-10
2025-10-08 03:45:00+00:00,2.200000047683716,2.200000047683716,2.200000047683716,2.200000047683716,2.200000047683716,0,GLOBE,2025-10
2025-10-08 03:50:00+00:00,2.190000057220459,2.190000057220459,2.190000057220459,2.190000057220459,2.190000057220459,0,GLOBE,2025-10
2025-10-08 03:55:00+00:00,2.200000047683716,2.200000047683716,2.200000047683716,2.200000047683716,2.200000047683716,34,GLOBE,2025-10
2025-10-08 04:00:00+00:00,2.2100000381469727,2.2100000381469727,2.2100000381469727,2.190000057220459,2.200000047683716,21134,GLOBE,2025-10
2025-10-08 04:05:00+00:00,2.190000057220459,2.190000057220459,2.2100000381469727,2.190000057220459,2.190000057220459,5644,GLOBE,2025-10
2025-10-08 04:10:00+00:00,2.2100000381469727,2.2100000381469727,2.2100000381469727,2.2100000381469727,2.2100000381469727,5409,GLOBE,2025-10
2025-10-08 04:15:00+00:00,2.190000057220459,2.190000057220459,2.2100000381469727,2.190000057220459,2.2100000381469727,0,GLOBE,2025-10
2025-10-08 04:20:00+00:00,2.190000057220459,2.190000057220459,2.2100000381469727,2.190000057220459,2.2100000381469727,6680,GLOBE,2025-10
2025-10-08 04:25:00+00:00,2.2100000381469727,2.2100000381469727,2.2100000381469727,2.190000057220459,2.190000057220459,0,GLOBE,2025-10
2025-10-08 04:30:00+00:00,2.2100000381469727,2.2100000381469727,2.2100000381469727,2.200000047683716,2.2100000381469727,5173,GLOBE,2025-10
2025-10-08 04:35:00+00:00,2.200000047683716,2.200000047683716,2.200000047683716,2.190000057220459,2.190000057220459,273,GLOBE,2025-10
2025-10-08 04:40:00+00:00,2.2100000381469727,2.2100000381469727,2.2100000381469727,2.2100000381469727,2.2100000381469727,0,GLOBE,2025-10
2025-10-08 04:45:00+00:00,2.200000047683716,2.200000047683716,2.200000047683716,2.200000047683716,2.200000047683716,9447,GLOBE,2025-10
2025-10-08 04:50:00+00:00,2.200000047683716,2.200000047683716,2.2100000381469727,2.200000047683716,2.2100000381469727,0,GLOBE,2025-10
2025-10-08 04:55:00+00:00,2.180000066757202,2.180000066757202,2.200000047683716,2.180000066757202,2.200000047683716,19451,GLOBE,2025-10
2025-10-08 05:00:00+00:00,2.190000057220459,2.190000057220459,2.190000057220459,2.190000057220459,2.190000057220459,0,GLOBE,2025-10
2025-10-08 05:05:00+00:00,2.200000047683716,2.200000047683716,2.200000047683716,2.200000047683716,2.200000047683716,349,GLOBE,2025-10
2025-10-08 05:10:00+00:00,2.180000066757202,2.180000066757202,2.200000047683716,2.180000066757202,2.200000047683716,4257,GLOBE,2025-10
2025-10-08 05:15:00+00:00,2.200000047683716,2.200000047683716,2.200000047683716,2.200000047683716,2.200000047683716,370,GLOBE,2025-10
2025-10-08 05:20:00+00:00,2.200000047683716,2.200000047683716,2.200000047683716,2.200000047683716,2.200000047683716,200,GLOBE,2025-10
2025-10-08 05:25:00+00:00,2.200000047683716,2.200000047683716,2.200000047683716,2.200000047683716,2.200000047683716,1902,GLOBE,2025-10
2025-10-08 05:30:00+00:00,2.200000047683716,2.200000047683716,2.200000047683716,2.180000066757202,2.180000066757202,13,GLOBE,2025-10
2025-10-08 05:40:00+00:00,2.180000066757202,2.180000066757202,2.200000047683716,2.1700000762939453,2.180000066757202,53019,GLOBE,2025-10
2025-10-08 05:50:00+00:00,2.180000066757202,2.180000066757202,2.180000066757202,2.1700000762939453,2.1700000762939453,2501,GLOBE,2025-10
2025-10-08 05:55:00+00:00,2.1700000762939453,2.1700000762939453,2.180000066757202,2.1700000762939453,2.1700000762939453,2882,GLOBE,2025-10
2025-10-08 06:00:00+00:00,2.180000066757202,2.180000066757202,2.180000066757202,2.1700000762939453,2.1700000762939453,0,GLOBE,2025-10
2025-10-08 06:05:00+00:00,2.1700000762939453,2.1700000762939453,2.180000066757202,2.1700000762939453,2.1700000762939453,1114,GLOBE,2025-10
2025-10-08 06:15:00+00:00,2.180000066757202,2.180000066757202,2.190000057220459,2.180000066757202,2.190000057220459,142,GLOBE,2025-10
2025-10-08 06:20:00+00:00,2.180000066757202,2.180000066757202,2.180000066757202,2.180000066757202,2.180000066757202,200,GLOBE,2025-10
2025-10-08 06:25:00+00:00,2.180000066757202,2.180000066757202,2.180000066757202,2.180000066757202,2.180000066757202,302,GLOBE,2025-10
2025-10-08 06:30:00+00:00,2.180000066757202,2.180000066757202,2.180000066757202,2.180000066757202,2.180000066757202,1110,GLOBE,2025-10
2025-10-08 06:40:00+00:00,2.190000057220459,2.190000057220459,2.190000057220459,2.190000057220459,2.190000057220459,8,GLOBE,2025-10
2025-10-08 06:45:00+00:00,2.190000057220459,2.190000057220459,2.190000057220459,2.190000057220459,2.190000057220459,24,GLOBE,2025-10
2025-10-08 06:50:00+00:00,2.180000066757202,2.180000066757202,2.180000066757202,2.180000066757202,2.180000066757202,10706,GLOBE,2025-10
2025-10-08 06:55:00+00:00,2.180000066757202,2.180000066757202,2.180000066757202,2.180000066757202,2.180000066757202,0,GLOBE,2025-10
2025-10-08 07:00:00+00:00,2.180000066757202,2.180000066757202,2.190000057220459,2.180000066757202,2.180000066757202,13903,GLOBE,2025-10
2025-10-08 07:05:00+00:00,2.180000066757202,2.180000066757202,2.180000066757202,2.180000066757202,2.180000066757202,0,GLOBE,2025-10
2025-10-08 07:10:00+00:00,2.190000057220459,2.190000057220459,2.190000057220459,2.180000066757202,2.180000066757202,1048,GLOBE,2025-10
2025-10-08 07:15:00+00:00,2.190000057220459,2.190000057220459,2.190000057220459,2.180000066757202,2.180000066757202,1283,GLOBE,2025-10
2025-10-08 07:20:00+00:00,2.200000047683716,2.200000047683716,2.200000047683716,2.190000057220459,2.190000057220459,125939,GLOBE,2025-10
2025-10-08 07:25:00+00:00,2.200000047683716,2.200000047683716,2.2100000381469727,2.200000047683716,2.200000047683716,0,GLOBE,2025-10
2025-10-08 07:30:00+00:00,2.200000047683716,2.200000047683716,2.200000047683716,2.200000047683716,2.200000047683716,1348,GLOBE,2025-10
2025-10-08 07:35:00+00:00,2.200000047683716,2.200000047683716,2.200000047683716,2.200000047683716,2.200000047683716,699,GLOBE,2025-10
2025-10-08 07:40:00+00:00,2.200000047683716,2.200000047683716,2.2100000381469727,2.200000047683716,2.200000047683716,11444,GLOBE,2025-10
2025-10-08 07:45:00+00:00,2.200000047683716,2.200000047683716,2.200000047683716,2.200000047683716,2.200000047683716,2493,GLOBE,2025-10
2025-10-08 07:50:00+00:00,2.200000047683716,2.200000047683716,2.200000047683716,2.200000047683716,2.200000047683716,5010,GLOBE,2025-10
2025-10-08 07:55:00+00:00,2.2100000381469727,2.2100000381469727,2.2100000381469727,2.2100000381469727,2.2100000381469727,1,GLOBE,2025-10
2025-10-08 08:00:00+00:00,2.2100000381469727,2.2100000381469727,2.2100000381469727,2.2100000381469727,2.2100000381469727,1,GLOBE,2025-10
2025-10-08 08:05:00+00:00,2.200000047683716,2.200000047683716,2.2100000381469727,2.200000047683716,2.2100000381469727,1061,GLOBE,2025-10
2025-10-08 08:15:00+00:00,2.2100000381469727,2.2100000381469727,2.2100000381469727,2.2100000381469727,2.2100000381469727,1000,GLOBE,2025-10
2025-10-08 08:20:00+00:00,2.2100000381469727,2.2100000381469727,2.2100000381469727,2.2100000381469727,2.2100000381469727,500,GLOBE,2025-10
2025-10-08 08:25:00+00:00,2.200000047683716,2.200000047683716,2.2100000381469727,2.200000047683716,2.2100000381469727,3181,GLOBE,2025-10
2025-10-08 08:30:00+00:00,2.200000047683716,2.200000047683716,2.200000047683716,2.200000047683716,2.200000047683716,0,GLOBE,2025-10
2025-10-08 08:35:00+00:00,2.2100000381469727,2.2100000381469727,2.2100000381469727,2.190000057220459,2.2100000381469727,2151,GLOBE,2025-10
2025-10-08 08:40:00+00:00,2.190000057220459,2.190000057220459,2.2100000381469727,2.190000057220459,2.2100000381469727,105914,GLOBE,2025-10
2025-10-08 08:45:00+00:00,2.200000047683716,2.200000047683716,2.200000047683716,2.200000047683716,2.200000047683716,0,GLOBE,2025-10
2025-10-08 08:55:00+00:00,2.200000047683716,2.200000047683716,2.200000047683716,2.200000047683716,2.200000047683716,1510,GLOBE,2025-10
2025-10-08 09:00:00+00:00,2.200000047683716,2.200000047683716,2.200000047683716,2.200000047683716,2.200000047683716,0,GLOBE,2025-10
2025-10-08 09:05:00+00:00,2.200000047683716,2.200000047683716,2.200000047683716,2.190000057220459,2.190000057220459,1048,GLOBE,2025-10
2025-10-08 09:10:00+00:00,2.200000047683716,2.200000047683716,2.200000047683716,2.200000047683716,2.200000047683716,19990,GLOBE,2025-10
2025-10-08 09:15:00+00:00,2.190000057220459,2.190000057220459,2.200000047683716,2.190000057220459,2.200000047683716,0,GLOBE,2025-10
2025-10-08 09:20:00+00:00,2.190000057220459,2.190000057220459,2.190000057220459,2.190000057220459,2.190000057220459,410,GLOBE,2025-10
2025-10-08 09:30:00+00:00,2.190000057220459,2.190000057220459,2.190000057220459,2.190000057220459,2.190000057220459,0,GLOBE,2025-10
2025-10-08 09:35:00+00:00,2.190000057220459,2.190000057220459,2.190000057220459,2.190000057220459,2.190000057220459,914,GLOBE,2025-10
2025-10-08 09:40:00+00:00,2.200000047683716,2.200000047683716,2.200000047683716,2.200000047683716,2.200000047683716,16578,GLOBE,2025-10
2025-10-08 09:45:00+00:00,2.2100000381469727,2.2100000381469727,2.2100000381469727,2.190000057220459,2.190000057220459,58138,GLOBE,2025-10
2025-10-08 09:50:00+00:00,2.2100000381469727,2.2100000381469727,2.2100000381469727,2.2100000381469727,2.2100000381469727,500,GLOBE,2025-10
2025-10-08 09:55:00+00:00,2.220000028610229,2.220000028610229,2.25,2.200000047683716,2.200000047683716,203171,GLOBE,2025-10
2025-10-09 03:45:00+00:00,2.200000047683716,2.200000047683716,2.2100000381469727,2.200000047683716,2.2100000381469727,0,GLOBE,2025-10
2025-10-09 03:50:00+00:00,2.200000047683716,2.200000047683716,2.2100000381469727,2.200000047683716,2.2100000381469727,816,GLOBE,2025-10
2025-10-09 03:55:00+00:00,2.220000028610229,2.220000028610229,2.220000028610229,2.2100000381469727,2.2100000381469727,3129,GLOBE,2025-10
2025-10-09 04:00:00+00:00,2.220000028610229,2.220000028610229,2.240000009536743,2.220000028610229,2.2300000190734863,2408,GLOBE,2025-10
2025-10-09 04:05:00+00:00,2.2100000381469727,2.2100000381469727,2.220000028610229,2.200000047683716,2.220000028610229,2868,GLOBE,2025-10
2025-10-09 04:10:00+00:00,2.2100000381469727,2.2100000381469727,2.2100000381469727,2.200000047683716,2.200000047683716,3917,GLOBE,2025-10
2025-10-09 04:15:00+00:00,2.220000028610229,2.220000028610229,2.220000028610229,2.220000028610229,2.220000028610229,0,GLOBE,2025-10
2025-10-09 04:20:00+00:00,2.190000057220459,2.190000057220459,2.220000028610229,2.190000057220459,2.200000047683716,25356,GLOBE,2025-10
2025-10-09 04:25:00+00:00,2.2100000381469727,2.2100000381469727,2.2100000381469727,2.190000057220459,2.190000057220459,902,GLOBE,2025-10
2025-10-09 04:30:00+00:00,2.2100000381469727,2.2100000381469727,2.2100000381469727,2.200000047683716,2.2100000381469727,1597,GLOBE,2025-10
2025-10-09 04:35:00+00:00,2.2100000381469727,2.2100000381469727,2.2100000381469727,2.2100000381469727,2.2100000381469727,1000,GLOBE,2025-10
2025-10-09 04:40:00+00:00,2.2100000381469727,2.2100000381469727,2.2100000381469727,2.2100000381469727,2.2100000381469727,0,GLOBE,2025-10
2025-10-09 04:45:00+00:00,2.2100000381469727,2.2100000381469727,2.2100000381469727,2.200000047683716,2.200000047683716,1144,GLOBE,2025-10
2025-10-09 04:50:00+00:00,2.200000047683716,2.200000047683716,2.200000047683716,2.200000047683716,2.200000047683716,556,GLOBE,2025-10
2025-10-09 04:55:00+00:00,2.190000057220459,2.190000057220459,2.200000047683716,2.190000057220459,2.200000047683716,606,GLOBE,2025-10
2025-10-09 05:00:00+00:00,2.190000057220459,2.190000057220459,2.190000057220459,2.190000057220459,2.190000057220459,14382,GLOBE,2025-10
2025-10-09 05:05:00+00:00,2.200000047683716,2.200000047683716,2.200000047683716,2.200000047683716,2.200000047683716,130,GLOBE,2025-10
2025-10-09 05:10:00+00:00,2.180000066757202,2.180000066757202,2.180000066757202,2.180000066757202,2.180000066757202,17003,GLOBE,2025-10
2025-10-09 05:15:00+00:00,2.200000047683716,2.200000047683716,2.200000047683716,2.200000047683716,2.200000047683716,0,GLOBE,2025-10
2025-10-09 05:20:00+00:00,2.180000066757202,2.180000066757202,2.200000047683716,2.180000066757202,2.200000047683716,15355,GLOBE,2025-10
2025-10-09 05:25:00+00:00,2.180000066757202,2.180000066757202,2.180000066757202,2.180000066757202,2.180000066757202,0,GLOBE,2025-10
2025-10-09 05:30:00+00:00,2.200000047683716,2.200000047683716,2.200000047683716,2.180000066757202,2.180000066757202,15700,GLOBE,2025-10
2025-10-09 05:35:00+00:00,2.200000047683716,2.200000047683716,2.200000047683716,2.180000066757202,2.200000047683716,4356,GLOBE,2025-10
2025-10-09 05:40:00+00:00,2.180000066757202,2.180000066757202,2.200000047683716,2.180000066757202,2.200000047683716,4407,GLOBE,2025-10
2025-10-09 05:45:00+00:00,2.200000047683716,2.200000047683716,2.200000047683716,2.180000066757202,2.180000066757202,4392,GLOBE,2025-10
2025-10-09 05:55:00+00:00,2.200000047683716,2.200000047683716,2.200000047683716,2.200000047683716,2.200000047683716,10,GLOBE,2025-10
2025-10-09 06:00:00+00:00,2.180000066757202,2.180000066757202,2.200000047683716,2.180000066757202,2.200000047683716,9037,GLOBE,2025-10
2025-10-09 06:05:00+00:00,2.180000066757202,2.180000066757202,2.180000066757202,2.180000066757202,2.180000066757202,1017,GLOBE,2025-10
2025-10-09 06:10:00+00:00,2.200000047683716,2.200000047683716,2.200000047683716,2.180000066757202,2.180000066757202,512,GLOBE,2025-10
2025-10-09 06:15:00+00:00,2.200000047683716,2.200000047683716,2.200000047683716,2.200000047683716,2.200000047683716,1094,GLOBE,2025-10
2025-10-09 06:20:00+00:00,2.200000047683716,2.200000047683716,2.200000047683716,2.180000066757202,2.180000066757202,320,GLOBE,2025-10
2025-10-09 06:25:00+00:00,2.190000057220459,2.190000057220459,2.190000057220459,2.190000057220459,2.190000057220459,14844,GLOBE,2025-10
2025-10-09 06:30:00+00:00,2.180000066757202,2.180000066757202,2.180000066757202,2.180000066757202,2.180000066757202,9794,GLOBE,2025-10
2025-10-09 06:35:00+00:00,2.1600000858306885,2.1600000858306885,2.180000066757202,2.1600000858306885,2.180000066757202,16307,GLOBE,2025-10
2025-10-09 06:40:00+00:00,2.180000066757202,2.180000066757202,2.180000066757202,2.180000066757202,2.180000066757202,227,GLOBE,2025-10
2025-10-09 06:45:00+00:00,2.1600000858306885,2.1600000858306885,2.180000066757202,2.1600000858306885,2.1600000858306885,2440,GLOBE,2025-10
2025-10-09 06:55:00+00:00,2.180000066757202,2.180000066757202,2.180000066757202,2.180000066757202,2.180000066757202,534,GLOBE,2025-10
2025-10-09 07:00:00+00:00,2.180000066757202,2.180000066757202,2.180000066757202,2.1700000762939453,2.180000066757202,3558,GLOBE,2025-10
2025-10-09 07:05:00+00:00,2.180000066757202,2.180000066757202,2.180000066757202,2.1600000858306885,2.1600000858306885,10065,GLOBE,2025-10
2025-10-09 07:10:00+00:00,2.180000066757202,2.180000066757202,2.180000066757202,2.180000066757202,2.180000066757202,116,GLOBE,2025-10
2025-10-09 07:15:00+00:00,2.190000057220459,2.190000057220459,2.190000057220459,2.180000066757202,2.180000066757202,5207,GLOBE,2025-10
2025-10-09 07:20:00+00:00,2.180000066757202,2.180000066757202,2.180000066757202,2.180000066757202,2.180000066757202,64,GLOBE,2025-10
2025-10-09 07:25:00+00:00,2.180000066757202,2.180000066757202,2.180000066757202,2.180000066757202,2.180000066757202,4568,GLOBE,2025-10
2025-10-09 07:30:00+00:00,2.190000057220459,2.190000057220459,2.190000057220459,2.190000057220459,2.190000057220459,750,GLOBE,2025-10
2025-10-09 07:35:00+00:00,2.190000057220459,2.190000057220459,2.190000057220459,2.180000066757202,2.180000066757202,39779,GLOBE,2025-10
2025-10-09 07:40:00+00:00,2.180000066757202,2.180000066757202,2.180000066757202,2.180000066757202,2.180000066757202,142,GLOBE,2025-10
2025-10-09 07:45:00+00:00,2.190000057220459,2.190000057220459,2.190000057220459,2.180000066757202,2.180000066757202,1576,GLOBE,2025-10
2025-10-09 07:50:00+00:00,2.1700000762939453,2.1700000762939453,2.180000066757202,2.1700000762939453,2.180000066757202,6275,GLOBE,2025-10
2025-10-09 07:55:00+00:00,2.190000057220459,2.190000057220459,2.190000057220459,2.1700000762939453,2.1700000762939453,0,GLOBE,2025-10
2025-10-09 08:05:00+00:00,2.190000057220459,2.190000057220459,2.190000057220459,2.190000057220459,2.190000057220459,450,GLOBE,2025-10
2025-10-09 08:10:00+00:00,2.1700000762939453,2.1700000762939453,2.190000057220459,2.1700000762939453,2.190000057220459,589,GLOBE,2025-10
2025-10-09 08:15:00+00:00,2.190000057220459,2.190000057220459,2.190000057220459,2.190000057220459,2.190000057220459,0,GLOBE,2025-10
2025-10-09 08:20:00+00:00,2.190000057220459,2.190000057220459,2.190000057220459,2.1700000762939453,2.190000057220459,1202,GLOBE,2025-10
2025-10-09 08:25:00+00:00,2.1700000762939453,2.1700000762939453,2.1700000762939453,2.1700000762939453,2.1700000762939453,699,GLOBE,2025-10
2025-10-09 08:30:00+00:00,2.190000057220459,2.190000057220459,2.190000057220459,2.1700000762939453,2.1700000762939453,16,GLOBE,2025-10
2025-10-09 08:35:00+00:00,2.180000066757202,2.180000066757202,2.180000066757202,2.180000066757202,2.180000066757202,42,GLOBE,2025-10
2025-10-09 08:40:00+00:00,2.180000066757202,2.180000066757202,2.180000066757202,2.1700000762939453,2.1700000762939453,169,GLOBE,2025-10
2025-10-09 08:50:00+00:00,2.150000095367432,2.150000095367432,2.180000066757202,2.150000095367432,2.180000066757202,112776,GLOBE,2025-10
2025-10-09 08:55:00+00:00,2.1600000858306885,2.1600000858306885,2.1600000858306885,2.150000095367432,2.150000095367432,32791,GLOBE,2025-10
2025-10-09 09:00:00+00:00,2.1600000858306885,2.1600000858306885,2.1600000858306885,2.150000095367432,2.150000095367432,10584,GLOBE,2025-10
2025-10-09 09:05:00+00:00,2.1600000858306885,2.1600000858306885,2.1600000858306885,2.150000095367432,2.1600000858306885,1367,GLOBE,2025-10
2025-10-09 09:10:00+00:00,2.1600000858306885,2.1600000858306885,2.1600000858306885,2.1600000858306885,2.1600000858306885,54578,GLOBE,2025-10
2025-10-09 09:15:00+00:00,2.1600000858306885,2.1600000858306885,2.1600000858306885,2.150000095367432,2.150000095367432,23559,GLOBE,2025-10
2025-10-09 09:20:00+00:00,2.1600000858306885,2.1600000858306885,2.1600000858306885,2.1600000858306885,2.1600000858306885,6500,GLOBE,2025-10
2025-10-09 09:25:00+00:00,2.1600000858306885,2.1600000858306885,2.1600000858306885,2.150000095367432,2.150000095367432,1797,GLOBE,2025-10
2025-10-09 09:30:00+00:00,2.1700000762939453,2.1700000762939453,2.1700000762939453,2.1600000858306885,2.1600000858306885,3686,GLOBE,2025-10
2025-10-09 09:35:00+00:00,2.1700000762939453,2.1700000762939453,2.1700000762939453,2.1700000762939453,2.1700000762939453,371,GLOBE,2025-10
2025-10-09 09:40:00+00:00,2.1700000762939453,2.1700000762939453,2.1700000762939453,2.1700000762939453,2.1700000762939453,100,GLOBE,2025-10
2025-10-09 09:45:00+00:00,2.1600000858306885,2.1600000858306885,2.1600000858306885,2.1600000858306885,2.1600000858306885,9666,GLOBE,2025-10
2025-10-09 09:50:00+00:00,2.1700000762939453,2.1700000762939453,2.1700000762939453,2.1600000858306885,2.1600000858306885,23294,GLOBE,2025-10
2025-10-09 09:55:00+00:00,2.1600000858306885,2.1600000858306885,2.180000066757202,2.1600000858306885,2.1700000762939453,3637,GLOBE,2025-10
2025-10-10 03:45:00+00:00,2.200000047683716,2.200000047683716,2.200000047683716,2.190000057220459,2.190000057220459,0,GLOBE,2025-10
2025-10-10 03:50:00+00:00,2.200000047683716,2.200000047683716,2.2100000381469727,2.200000047683716,2.2100000381469727,9415,GLOBE,2025-10
2025-10-10 03:55:00+00:00,2.1700000762939453,2.1700000762939453,2.200000047683716,2.1700000762939453,2.200000047683716,1947,GLOBE,2025-10
2025-10-10 04:00:00+00:00,2.1700000762939453,2.1700000762939453,2.200000047683716,2.1700000762939453,2.1700000762939453,1191,GLOBE,2025-10
2025-10-10 04:05:00+00:00,2.180000066757202,2.180000066757202,2.2100000381469727,2.180000066757202,2.200000047683716,18097,GLOBE,2025-10
2025-10-10 04:10:00+00:00,2.200000047683716,2.200000047683716,2.200000047683716,2.200000047683716,2.200000047683716,0,GLOBE,2025-10
2025-10-10 04:15:00+00:00,2.190000057220459,2.190000057220459,2.190000057220459,2.130000114440918,2.180000066757202,33787,GLOBE,2025-10
2025-10-10 04:20:00+00:00,2.190000057220459,2.190000057220459,2.190000057220459,2.180000066757202,2.190000057220459,16324,GLOBE,2025-10
2025-10-10 04:25:00+00:00,2.200000047683716,2.200000047683716,2.2100000381469727,2.180000066757202,2.200000047683716,37274,GLOBE,2025-10
2025-10-10 04:30:00+00:00,2.2100000381469727,2.2100000381469727,2.2100000381469727,2.190000057220459,2.190000057220459,4630,GLOBE,2025-10
2025-10-10 04:35:00+00:00,2.2100000381469727,2.2100000381469727,2.2100000381469727,2.2100000381469727,2.2100000381469727,203,GLOBE,2025-10
2025-10-10 04:40:00+00:00,2.2100000381469727,2.2100000381469727,2.2100000381469727,2.190000057220459,2.2100000381469727,5268,GLOBE,2025-10
2025-10-10 04:45:00+00:00,2.190000057220459,2.190000057220459,2.190000057220459,2.190000057220459,2.190000057220459,1442,GLOBE,2025-10
2025-10-10 04:50:00+00:00,2.2100000381469727,2.2100000381469727,2.2100000381469727,2.2100000381469727,2.2100000381469727,52641,GLOBE,2025-10
2025-10-10 04:55:00+00:00,2.2100000381469727,2.2100000381469727,2.2100000381469727,2.190000057220459,2.190000057220459,405,GLOBE,2025-10
2025-10-10 05:05:00+00:00,2.200000047683716,2.200000047683716,2.2100000381469727,2.200000047683716,2.2100000381469727,1110,GLOBE,2025-10
2025-10-10 05:10:00+00:00,2.190000057220459,2.190000057220459,2.190000057220459,2.190000057220459,2.190000057220459,0,GLOBE,2025-10
2025-10-10 05:15:00+00:00,2.190000057220459,2.190000057220459,2.200000047683716,2.190000057220459,2.190000057220459,701,GLOBE,2025-10
2025-10-10 05:20:00+00:00,2.190000057220459,2.190000057220459,2.190000057220459,2.190000057220459,2.190000057220459,1249,GLOBE,2025-10
2025-10-10 05:25:00+00:00,2.190000057220459,2.190000057220459,2.190000057220459,2.190000057220459,2.190000057220459,40,GLOBE,2025-10
2025-10-10 05:30:00+00:00,2.190000057220459,2.190000057220459,2.190000057220459,2.190000057220459,2.190000057220459,4030,GLOBE,2025-10
2025-10-10 05:40:00+00:00,2.190000057220459,2.190000057220459,2.200000047683716,2.190000057220459,2.200000047683716,169,GLOBE,2025-10
2025-10-10 05:45:00+00:00,2.190000057220459,2.190000057220459,2.200000047683716,2.190000057220459,2.200000047683716,1536,GLOBE,2025-10
2025-10-10 05:50:00+00:00,2.200000047683716,2.200000047683716,2.200000047683716,2.200000047683716,2.200000047683716,306,GLOBE,2025-10
2025-10-10 05:55:00+00:00,2.200000047683716,2.200000047683716,2.200000047683716,2.190000057220459,2.190000057220459,293,GLOBE,2025-10
2025-10-10 06:00:00+00:00,2.200000047683716,2.200000047683716,2.200000047683716,2.190000057220459,2.190000057220459,3279,GLOBE,2025-10
2025-10-10 06:05:00+00:00,2.190000057220459,2.190000057220459,2.190000057220459,2.190000057220459,2.190000057220459,0,GLOBE,2025-10
2025-10-10 06:10:00+00:00,2.200000047683716,2.200000047683716,2.200000047683716,2.200000047683716,2.200000047683716,20,GLOBE,2025-10
2025-10-10 06:15:00+00:00,2.200000047683716,2.200000047683716,2.2100000381469727,2.190000057220459,2.190000057220459,35790,GLOBE,2025-10
2025-10-10 06:20:00+00:00,2.200000047683716,2.200000047683716,2.2100000381469727,2.200000047683716,2.2100000381469727,467,GLOBE,2025-10
2025-10-10 06:25:00+00:00,2.200000047683716,2.200000047683716,2.2100000381469727,2.200000047683716,2.200000047683716,1379,GLOBE,2025-10
2025-10-10 06:35:00+00:00,2.2100000381469727,2.2100000381469727,2.2100000381469727,2.2100000381469727,2.2100000381469727,11684,GLOBE,2025-10
2025-10-10 06:40:00+00:00,2.200000047683716,2.200000047683716,2.2100000381469727,2.200000047683716,2.2100000381469727,10186,GLOBE,2025-10
2025-10-10 06:45:00+00:00,2.220000028610229,2.220000028610229,2.220000028610229,2.2100000381469727,2.2100000381469727,80280,GLOBE,2025-10
2025-10-10 06:50:00+00:00,2.220000028610229,2.220000028610229,2.2300000190734863,2.220000028610229,2.2300000190734863,0,GLOBE,2025-10
2025-10-10 06:55:00+00:00,2.2300000190734863,2.2300000190734863,2.2300000190734863,2.2300000190734863,2.2300000190734863,161,GLOBE,2025-10
2025-10-10 07:00:00+00:00,2.2300000190734863,2.2300000190734863,2.2300000190734863,2.220000028610229,2.220000028610229,5185,GLOBE,2025-10
2025-10-10 07:05:00+00:00,2.2100000381469727,2.2100000381469727,2.2300000190734863,2.2100000381469727,2.2300000190734863,14070,GLOBE,2025-10
2025-10-10 07:10:00+00:00,2.220000028610229,2.220000028610229,2.220000028610229,2.2100000381469727,2.2100000381469727,420,GLOBE,2025-10
2025-10-10 07:15:00+00:00,2.2100000381469727,2.2100000381469727,2.220000028610229,2.2100000381469727,2.220000028610229,2020,GLOBE,2025-10
2025-10-10 07:20:00+00:00,2.220000028610229,2.220000028610229,2.220000028610229,2.2100000381469727,2.2100000381469727,45783,GLOBE,2025-10
2025-10-10 07:25:00+00:00,2.220000028610229,2.220000028610229,2.2300000190734863,2.220000028610229,2.2300000190734863,6271,GLOBE,2025-10
2025-10-10 07:30:00+00:00,2.2300000190734863,2.2300000190734863,2.2300000190734863,2.2300000190734863,2.2300000190734863,19,GLOBE,2025-10
2025-10-10 07:40:00+00:00,2.2300000190734863,2.2300000190734863,2.2300000190734863,2.2300000190734863,2.2300000190734863,500,GLOBE,2025-10
2025-10-10 07:45:00+00:00,2.2100000381469727,2.2100000381469727,2.2300000190734863,2.2100000381469727,2.2300000190734863,2305,GLOBE,2025-10
2025-10-10 07:50:00+00:00,2.2100000381469727,2.2100000381469727,2.220000028610229,2.2100000381469727,2.220000028610229,0,GLOBE,2025-10
2025-10-10 07:55:00+00:00,2.220000028610229,2.220000028610229,2.220000028610229,2.2100000381469727,2.2100000381469727,0,GLOBE,2025-10
2025-10-10 08:00:00+00:00,2.220000028610229,2.220000028610229,2.220000028610229,2.220000028610229,2.220000028610229,3,GLOBE,2025-10
2025-10-10 08:05:00+00:00,2.2100000381469727,2.2100000381469727,2.2100000381469727,2.2100000381469727,2.2100000381469727,998,GLOBE,2025-10
2025-10-10 08:15:00+00:00,2.2100000381469727,2.2100000381469727,2.2100000381469727,2.2100000381469727,2.2100000381469727,314,GLOBE,2025-10
2025-10-10 08:20:00+00:00,2.220000028610229,2.220000028610229,2.220000028610229,2.2100000381469727,2.2100000381469727,10574,GLOBE,2025-10
2025-10-10 08:25:00+00:00,2.200000047683716,2.200000047683716,2.220000028610229,2.200000047683716,2.220000028610229,1213,GLOBE,2025-10
2025-10-10 08:30:00+00:00,2.2100000381469727,2.2100000381469727,2.220000028610229,2.2100000381469727,2.220000028610229,355,GLOBE,2025-10
2025-10-10 08:35:00+00:00,2.2100000381469727,2.2100000381469727,2.220000028610229,2.2100000381469727,2.2100000381469727,33,GLOBE,2025-10
2025-10-10 08:50:00+00:00,2.190000057220459,2.190000057220459,2.220000028610229,2.190000057220459,2.2100000381469727,48368,GLOBE,2025-10
2025-10-10 08:55:00+00:00,2.2100000381469727,2.2100000381469727,2.2100000381469727,2.2100000381469727,2.2100000381469727,0,GLOBE,2025-10
2025-10-10 09:00:00+00:00,2.2100000381469727,2.2100000381469727,2.2100000381469727,2.2100000381469727,2.2100000381469727,298,GLOBE,2025-10
2025-10-10 09:10:00+00:00,2.200000047683716,2.200000047683716,2.2100000381469727,2.200000047683716,2.2100000381469727,1443,GLOBE,2025-10
2025-10-10 09:15:00+00:00,2.190000057220459,2.190000057220459,2.190000057220459,2.190000057220459,2.190000057220459,23800,GLOBE,2025-10
2025-10-10 09:20:00+00:00,2.2100000381469727,2.2100000381469727,2.2100000381469727,2.2100000381469727,2.2100000381469727,6111,GLOBE,2025-10
2025-10-10 09:25:00+00:00,2.2100000381469727,2.2100000381469727,2.2100000381469727,2.2100000381469727,2.2100000381469727,0,GLOBE,2025-10
2025-10-10 09:30:00+00:00,2.200000047683716,2.200000047683716,2.200000047683716,2.200000047683716,2.200000047683716,0,GLOBE,2025-10
2025-10-10 09:35:00+00:00,2.190000057220459,2.190000057220459,2.2100000381469727,2.190000057220459,2.2100000381469727,1239,GLOBE,2025-10
2025-10-10 09:40:00+00:00,2.200000047683716,2.200000047683716,2.2100000381469727,2.200000047683716,2.200000047683716,279,GLOBE,2025-10
2025-10-10 09:45:00+00:00,2.200000047683716,2.200000047683716,2.2100000381469727,2.200000047683716,2.200000047683716,16214,GLOBE,2025-10
2025-10-10 09:50:00+00:00,2.2100000381469727,2.2100000381469727,2.2100000381469727,2.2100000381469727,2.2100000381469727,0,GLOBE,2025-10
2025-10-10 09:55:00+00:00,2.200000047683716,2.200000047683716,2.2100000381469727,2.200000047683716,2.2100000381469727,529,GLOBE,2025-10
2025-10-13 03:45:00+00:00,2.200000047683716,2.200000047683716,2.2100000381469727,2.200000047683716,2.2100000381469727,0,GLOBE,2025-10
2025-10-13 03:50:00+00:00,2.200000047683716,2.200000047683716,2.200000047683716,2.200000047683716,2.200000047683716,0,GLOBE,2025-10
2025-10-13 03:55:00+00:00,2.190000057220459,2.190000057220459,2.200000047683716,2.190000057220459,2.200000047683716,6235,GLOBE,2025-10
2025-10-13 04:00:00+00:00,2.150000095367432,2.150000095367432,2.200000047683716,2.150000095367432,2.200000047683716,23469,GLOBE,2025-10
2025-10-13 04:05:00+00:00,2.190000057220459,2.190000057220459,2.190000057220459,2.180000066757202,2.180000066757202,2609,GLOBE,2025-10
2025-10-13 04:10:00+00:00,2.180000066757202,2.180000066757202,2.190000057220459,2.180000066757202,2.190000057220459,1210,GLOBE,2025-10
2025-10-13 04:15:00+00:00,2.180000066757202,2.180000066757202,2.190000057220459,2.180000066757202,2.190000057220459,8633,GLOBE,2025-10
2025-10-13 04:20:00+00:00,2.180000066757202,2.180000066757202,2.180000066757202,2.1700000762939453,2.1700000762939453,3,GLOBE,2025-10
2025-10-13 04:25:00+00:00,2.150000095367432,2.150000095367432,2.180000066757202,2.150000095367432,2.180000066757202,42959,GLOBE,2025-10
2025-10-13 04:30:00+00:00,2.1600000858306885,2.1600000858306885,2.1700000762939453,2.1600000858306885,2.1700000762939453,4003,GLOBE,2025-10
2025-10-13 04:35:00+00:00,2.180000066757202,2.180000066757202,2.180000066757202,2.1700000762939453,2.1700000762939453,0,GLOBE,2025-10
2025-10-13 04:40:00+00:00,2.1600000858306885,2.1600000858306885,2.1700000762939453,2.150000095367432,2.1700000762939453,18833,GLOBE,2025-10
2025-10-13 04:45:00+00:00,2.1600000858306885,2.1600000858306885,2.1600000858306885,2.1600000858306885,2.1600000858306885,0,GLOBE,2025-10
2025-10-13 04:50:00+00:00,2.1600000858306885,2.1600000858306885,2.1700000762939453,2.150000095367432,2.1600000858306885,199968,GLOBE,2025-10
2025-10-13 04:55:00+00:00,2.1700000762939453,2.1700000762939453,2.1700000762939453,2.150000095367432,2.1700000762939453,26970,GLOBE,2025-10
2025-10-13 05:00:00+00:00,2.1700000762939453,2.1700000762939453,2.1700000762939453,2.1700000762939453,2.1700000762939453,1636,GLOBE,2025-10
2025-10-13 05:10:00+00:00,2.180000066757202,2.180000066757202,2.180000066757202,2.1700000762939453,2.1700000762939453,2767,GLOBE,2025-10
2025-10-13 05:15:00+00:00,2.1700000762939453,2.1700000762939453,2.180000066757202,2.1700000762939453,2.180000066757202,974,GLOBE,2025-10
2025-10-13 05:20:00+00:00,2.180000066757202,2.180000066757202,2.180000066757202,2.1700000762939453,2.1700000762939453,0,GLOBE,2025-10
2025-10-13 05:25:00+00:00,2.1600000858306885,2.1600000858306885,2.180000066757202,2.1600000858306885,2.1700000762939453,5502,GLOBE,2025-10
2025-10-13 05:30:00+00:00,2.1700000762939453,2.1700000762939453,2.1700000762939453,2.1600000858306885,2.1600000858306885,20014,GLOBE,2025-10
2025-10-13 05:35:00+00:00,2.1600000858306885,2.1600000858306885,2.1600000858306885,2.1600000858306885,2.1600000858306885,1650,GLOBE,2025-10
2025-10-13 05:40:00+00:00,2.180000066757202,2.180000066757202,2.180000066757202,2.1600000858306885,2.1600000858306885,8101,GLOBE,2025-10
2025-10-13 05:45:00+00:00,2.1700000762939453,2.1700000762939453,2.1700000762939453,2.1700000762939453,2.1700000762939453,0,GLOBE,2025-10
2025-10-13 05:50:00+00:00,2.1700000762939453,2.1700000762939453,2.1700000762939453,2.1700000762939453,2.1700000762939453,1502,GLOBE,2025-10
2025-10-13 05:55:00+00:00,2.1700000762939453,2.1700000762939453,2.1700000762939453,2.1700000762939453,2.1700000762939453,149,GLOBE,2025-10
2025-10-13 06:00:00+00:00,2.180000066757202,2.180000066757202,2.180000066757202,2.1700000762939453,2.1700000762939453,139,GLOBE,2025-10
2025-10-13 06:05:00+00:00,2.1600000858306885,2.1600000858306885,2.1700000762939453,2.1600000858306885,2.1700000762939453,4774,GLOBE,2025-10
2025-10-13 06:10:00+00:00,2.180000066757202,2.180000066757202,2.180000066757202,2.1600000858306885,2.1600000858306885,0,GLOBE,2025-10
2025-10-13 06:15:00+00:00,2.1600000858306885,2.1600000858306885,2.1700000762939453,2.1600000858306885,2.1700000762939453,727,GLOBE,2025-10
2025-10-13 06:20:00+00:00,2.1700000762939453,2.1700000762939453,2.1700000762939453,2.1700000762939453,2.1700000762939453,587,GLOBE,2025-10
2025-10-13 06:25:00+00:00,2.1700000762939453,2.1700000762939453,2.1700000762939453,2.1700000762939453,2.1700000762939453,201,GLOBE,2025-10
2025-10-13 06:30:00+00:00,2.1700000762939453,2.1700000762939453,2.1700000762939453,2.1700000762939453,2.1700000762939453,0,GLOBE,2025-10
2025-10-13 06:35:00+00:00,2.1600000858306885,2.1600000858306885,2.1600000858306885,2.1600000858306885,2.1600000858306885,1855,GLOBE,2025-10
2025-10-13 06:40:00+00:00,2.1600000858306885,2.1600000858306885,2.1700000762939453,2.1600000858306885,2.1700000762939453,0,GLOBE,2025-10
2025-10-13 06:50:00+00:00,2.1700000762939453,2.1700000762939453,2.1700000762939453,2.1700000762939453,2.1700000762939453,100,GLOBE,2025-10
2025-10-13 07:00:00+00:00,2.1700000762939453,2.1700000762939453,2.1700000762939453,2.1700000762939453,2.1700000762939453,46399,GLOBE,2025-10
2025-10-13 07:05:00+00:00,2.1600000858306885,2.1600000858306885,2.1700000762939453,2.1600000858306885,2.1700000762939453,0,GLOBE,2025-10
2025-10-13 07:10:00+00:00,2.1700000762939453,2.1700000762939453,2.1700000762939453,2.1700000762939453,2.1700000762939453,988,GLOBE,2025-10
2025-10-13 07:15:00+00:00,2.1700000762939453,2.1700000762939453,2.1700000762939453,2.1600000858306885,2.1600000858306885,54,GLOBE,2025-10
2025-10-13 07:20:00+00:00,2.1700000762939453,2.1700000762939453,2.1700000762939453,2.1600000858306885,2.1600000858306885,30860,GLOBE,2025-10
2025-10-13 07:25:00+00:00,2.1600000858306885,2.1600000858306885,2.1600000858306885,2.1600000858306885,2.1600000858306885,0,GLOBE,2025-10
2025-10-13 07:30:00+00:00,2.1700000762939453,2.1700000762939453,2.1700000762939453,2.1600000858306885,2.1600000858306885,10905,GLOBE,2025-10
2025-10-13 07:35:00+00:00,2.1700000762939453,2.1700000762939453,2.1700000762939453,2.1700000762939453,2.1700000762939453,2007,GLOBE,2025-10
2025-10-13 07:45:00+00:00,2.1600000858306885,2.1600000858306885,2.1700000762939453,2.1600000858306885,2.1700000762939453,658,GLOBE,2025-10
2025-10-13 07:50:00+00:00,2.1700000762939453,2.1700000762939453,2.1700000762939453,2.1700000762939453,2.1700000762939453,0,GLOBE,2025-10
2025-10-13 08:10:00+00:00,2.1600000858306885,2.1600000858306885,2.1600000858306885,2.1600000858306885,2.1600000858306885,341,GLOBE,2025-10
2025-10-13 08:15:00+00:00,2.1700000762939453,2.1700000762939453,2.1700000762939453,2.1600000858306885,2.1600000858306885,12017,GLOBE,2025-10
2025-10-13 08:20:00+00:00,2.1700000762939453,2.1700000762939453,2.1700000762939453,2.150000095367432,2.150000095367432,95978,GLOBE,2025-10
2025-10-13 08:35:00+00:00,2.1700000762939453,2.1700000762939453,2.1700000762939453,2.1700000762939453,2.1700000762939453,0,GLOBE,2025-10
2025-10-13 09:00:00+00:00,2.1600000858306885,2.1600000858306885,2.1700000762939453,2.1600000858306885,2.1700000762939453,467,GLOBE,2025-10
2025-10-13 09:05:00+00:00,2.1700000762939453,2.1700000762939453,2.1700000762939453,2.1600000858306885,2.1600000858306885,3,GLOBE,2025-10
2025-10-13 09:10:00+00:00,2.1700000762939453,2.1700000762939453,2.1700000762939453,2.1700000762939453,2.1700000762939453,6044,GLOBE,2025-10
2025-10-13 09:15:00+00:00,2.1700000762939453,2.1700000762939453,2.1700000762939453,2.1700000762939453,2.1700000762939453,0,GLOBE,2025-10
2025-10-13 09:20:00+00:00,2.150000095367432,2.150000095367432,2.1700000762939453,2.150000095367432,2.1600000858306885,6693,GLOBE,2025-10
2025-10-13 09:25:00+00:00,2.1700000762939453,2.1700000762939453,2.1700000762939453,2.150000095367432,2.150000095367432,10508,GLOBE,2025-10
2025-10-13 09:30:00+00:00,2.1700000762939453,2.1700000762939453,2.1700000762939453,2.1700000762939453,2.1700000762939453,16276,GLOBE,2025-10
2025-10-13 09:35:00+00:00,2.1600000858306885,2.1600000858306885,2.1700000762939453,2.1600000858306885,2.1700000762939453,3468,GLOBE,2025-10
2025-10-13 09:40:00+00:00,2.200000047683716,2.200000047683716,2.2100000381469727,2.1600000858306885,2.1600000858306885,247802,GLOBE,2025-10
2025-10-13 09:45:00+00:00,2.200000047683716,2.200000047683716,2.2100000381469727,2.200000047683716,2.2100000381469727,22333,GLOBE,2025-10
2025-10-13 09:50:00+00:00,2.200000047683716,2.200000047683716,2.2100000381469727,2.200000047683716,2.2100000381469727,210577,GLOBE,2025-10
2025-10-13 09:55:00+00:00,2.190000057220459,2.190000057220459,2.2100000381469727,2.190000057220459,2.200000047683716,11491,GLOBE,2025-10
2025-10-14 03:45:00+00:00,2.190000057220459,2.190000057220459,2.190000057220459,2.1700000762939453,2.1700000762939453,0,GLOBE,2025-10
2025-10-14 03:50:00+00:00,2.190000057220459,2.190000057220459,2.2100000381469727,2.190000057220459,2.2100000381469727,7803,GLOBE,2025-10
2025-10-14 03:55:00+00:00,2.190000057220459,2.190000057220459,2.220000028610229,2.190000057220459,2.220000028610229,2389,GLOBE,2025-10
2025-10-14 04:00:00+00:00,2.190000057220459,2.190000057220459,2.200000047683716,2.190000057220459,2.200000047683716,1475,GLOBE,2025-10
2025-10-14 04:05:00+00:00,2.190000057220459,2.190000057220459,2.200000047683716,2.190000057220459,2.190000057220459,7808,GLOBE,2025-10
2025-10-14 04:10:00+00:00,2.190000057220459,2.190000057220459,2.190000057220459,2.190000057220459,2.190000057220459,0,GLOBE,2025-10
2025-10-14 04:15:00+00:00,2.200000047683716,2.200000047683716,2.200000047683716,2.190000057220459,2.200000047683716,322,GLOBE,2025-10
2025-10-14 04:20:00+00:00,2.190000057220459,2.190000057220459,2.200000047683716,2.190000057220459,2.200000047683716,4431,GLOBE,2025-10
2025-10-14 04:25:00+00:00,2.180000066757202,2.180000066757202,2.190000057220459,2.180000066757202,2.190000057220459,14745,GLOBE,2025-10
2025-10-14 04:35:00+00:00,2.190000057220459,2.190000057220459,2.200000047683716,2.190000057220459,2.200000047683716,0,GLOBE,2025-10
2025-10-14 04:40:00+00:00,2.180000066757202,2.180000066757202,2.190000057220459,2.180000066757202,2.190000057220459,12266,GLOBE,2025-10
2025-10-14 04:45:00+00:00,2.190000057220459,2.190000057220459,2.190000057220459,2.180000066757202,2.180000066757202,0,GLOBE,2025-10
2025-10-14 04:50:00+00:00,2.180000066757202,2.180000066757202,2.190000057220459,2.180000066757202,2.190000057220459,60600,GLOBE,2025-10
2025-10-14 04:55:00+00:00,2.1700000762939453,2.1700000762939453,2.1700000762939453,2.1600000858306885,2.1700000762939453,14409,GLOBE,2025-10
2025-10-14 05:00:00+00:00,2.1700000762939453,2.1700000762939453,2.1700000762939453,2.1600000858306885,2.1700000762939453,2124,GLOBE,2025-10
2025-10-14 05:05:00+00:00,2.180000066757202,2.180000066757202,2.180000066757202,2.1600000858306885,2.1600000858306885,520234,GLOBE,2025-10
2025-10-14 05:10:00+00:00,2.1700000762939453,2.1700000762939453,2.180000066757202,2.1700000762939453,2.180000066757202,0,GLOBE,2025-10
2025-10-14 05:15:00+00:00,2.1700000762939453,2.1700000762939453,2.1700000762939453,2.1700000762939453,2.1700000762939453,76,GLOBE,2025-10
2025-10-14 05:20:00+00:00,2.1700000762939453,2.1700000762939453,2.1700000762939453,2.1700000762939453,2.1700000762939453,4498,GLOBE,2025-10
2025-10-14 05:25:00+00:00,2.180000066757202,2.180000066757202,2.180000066757202,2.1700000762939453,2.1700000762939453,824,GLOBE,2025-10
2025-10-14 05:30:00+00:00,2.1700000762939453,2.1700000762939453,2.1700000762939453,2.1700000762939453,2.1700000762939453,2289,GLOBE,2025-10
2025-10-14 05:35:00+00:00,2.180000066757202,2.180000066757202,2.180000066757202,2.180000066757202,2.180000066757202,2,GLOBE,2025-10
2025-10-14 05:40:00+00:00,2.1700000762939453,2.1700000762939453,2.180000066757202,2.1700000762939453,2.180000066757202,1301,GLOBE,2025-10
2025-10-14 05:45:00+00:00,2.180000066757202,2.180000066757202,2.180000066757202,2.1700000762939453,2.180000066757202,1353,GLOBE,2025-10
2025-10-14 05:50:00+00:00,2.180000066757202,2.180000066757202,2.180000066757202,2.1700000762939453,2.1700000762939453,5004,GLOBE,2025-10
2025-10-14 05:55:00+00:00,2.180000066757202,2.180000066757202,2.180000066757202,2.180000066757202,2.180000066757202,95,GLOBE,2025-10
2025-10-14 06:00:00+00:00,2.1700000762939453,2.1700000762939453,2.1700000762939453,2.1700000762939453,2.1700000762939453,34285,GLOBE,2025-10
2025-10-14 06:05:00+00:00,2.140000104904175,2.140000104904175,2.1600000858306885,2.140000104904175,2.1600000858306885,42492,GLOBE,2025-10
2025-10-14 06:10:00+00:00,2.130000114440918,2.130000114440918,2.140000104904175,2.130000114440918,2.140000104904175,6686,GLOBE,2025-10
2025-10-14 06:15:00+00:00,2.1600000858306885,2.1600000858306885,2.1600000858306885,2.119999885559082,2.130000114440918,3016,GLOBE,2025-10
2025-10-14 06:20:00+00:00,2.130000114440918,2.130000114440918,2.140000104904175,2.0999999046325684,2.140000104904175,41838,GLOBE,2025-10
2025-10-14 06:25:00+00:00,2.130000114440918,2.130000114440918,2.130000114440918,2.130000114440918,2.130000114440918,368,GLOBE,2025-10
2025-10-14 06:30:00+00:00,2.109999895095825,2.109999895095825,2.130000114440918,2.109999895095825,2.130000114440918,887,GLOBE,2025-10
2025-10-14 06:35:00+00:00,2.140000104904175,2.140000104904175,2.140000104904175,2.130000114440918,2.130000114440918,9940,GLOBE,2025-10
2025-10-14 06:40:00+00:00,2.119999885559082,2.119999885559082,2.140000104904175,2.119999885559082,2.140000104904175,14941,GLOBE,2025-10
2025-10-14 06:45:00+00:00,2.119999885559082,2.119999885559082,2.140000104904175,2.109999895095825,2.140000104904175,0,GLOBE,2025-10
2025-10-14 06:50:00+00:00,2.130000114440918,2.130000114440918,2.130000114440918,2.119999885559082,2.119999885559082,15546,GLOBE,2025-10
2025-10-14 06:55:00+00:00,2.140000104904175,2.140000104904175,2.140000104904175,2.109999895095825,2.130000114440918,13883,GLOBE,2025-10
2025-10-14 07:00:00+00:00,2.140000104904175,2.140000104904175,2.140000104904175,2.140000104904175,2.140000104904175,0,GLOBE,2025-10
2025-10-14 07:05:00+00:00,2.150000095367432,2.150000095367432,2.150000095367432,2.150000095367432,2.150000095367432,15200,GLOBE,2025-10
2025-10-14 07:10:00+00:00,2.119999885559082,2.119999885559082,2.119999885559082,2.119999885559082,2.119999885559082,1018,GLOBE,2025-10
2025-10-14 07:15:00+00:00,2.150000095367432,2.150000095367432,2.150000095367432,2.150000095367432,2.150000095367432,0,GLOBE,2025-10
2025-10-14 07:20:00+00:00,2.130000114440918,2.130000114440918,2.140000104904175,2.130000114440918,2.140000104904175,6796,GLOBE,2025-10
2025-10-14 07:25:00+00:00,2.150000095367432,2.150000095367432,2.150000095367432,2.140000104904175,2.140000104904175,5405,GLOBE,2025-10
2025-10-14 07:30:00+00:00,2.130000114440918,2.130000114440918,2.150000095367432,2.130000114440918,2.130000114440918,12063,GLOBE,2025-10
2025-10-14 07:35:00+00:00,2.119999885559082,2.119999885559082,2.119999885559082,2.119999885559082,2.119999885559082,819,GLOBE,2025-10
2025-10-14 07:40:00+00:00,2.130000114440918,2.130000114440918,2.150000095367432,2.130000114440918,2.130000114440918,2998,GLOBE,2025-10
2025-10-14 07:45:00+00:00,2.130000114440918,2.130000114440918,2.130000114440918,2.130000114440918,2.130000114440918,2895,GLOBE,2025-10
2025-10-14 07:50:00+00:00,2.140000104904175,2.140000104904175,2.140000104904175,2.130000114440918,2.140000104904175,175,GLOBE,2025-10
2025-10-14 07:55:00+00:00,2.130000114440918,2.130000114440918,2.130000114440918,2.130000114440918,2.130000114440918,3185,GLOBE,2025-10
2025-10-14 08:00:00+00:00,2.140000104904175,2.140000104904175,2.140000104904175,2.140000104904175,2.140000104904175,344,GLOBE,2025-10
2025-10-14 08:05:00+00:00,2.130000114440918,2.130000114440918,2.140000104904175,2.130000114440918,2.140000104904175,5745,GLOBE,2025-10
2025-10-14 08:10:00+00:00,2.130000114440918,2.130000114440918,2.130000114440918,2.130000114440918,2.130000114440918,3959,GLOBE,2025-10
2025-10-14 08:15:00+00:00,2.150000095367432,2.150000095367432,2.150000095367432,2.140000104904175,2.140000104904175,361,GLOBE,2025-10
2025-10-14 08:20:00+00:00,2.140000104904175,2.140000104904175,2.150000095367432,2.130000114440918,2.140000104904175,526,GLOBE,2025-10
2025-10-14 08:30:00+00:00,2.140000104904175,2.140000104904175,2.140000104904175,2.140000104904175,2.140000104904175,27,GLOBE,2025-10
2025-10-14 08:35:00+00:00,2.140000104904175,2.140000104904175,2.140000104904175,2.130000114440918,2.130000114440918,2773,GLOBE,2025-10
2025-10-14 08:40:00+00:00,2.140000104904175,2.140000104904175,2.140000104904175,2.130000114440918,2.130000114440918,4030,GLOBE,2025-10
2025-10-14 08:45:00+00:00,2.150000095367432,2.150000095367432,2.150000095367432,2.130000114440918,2.130000114440918,14353,GLOBE,2025-10
2025-10-14 08:50:00+00:00,2.140000104904175,2.140000104904175,2.140000104904175,2.140000104904175,2.140000104904175,0,GLOBE,2025-10
2025-10-14 08:55:00+00:00,2.130000114440918,2.130000114440918,2.130000114440918,2.130000114440918,2.130000114440918,3639,GLOBE,2025-10
2025-10-14 09:05:00+00:00,2.130000114440918,2.130000114440918,2.130000114440918,2.130000114440918,2.130000114440918,10182,GLOBE,2025-10
2025-10-14 09:10:00+00:00,2.150000095367432,2.150000095367432,2.150000095367432,2.140000104904175,2.140000104904175,703,GLOBE,2025-10
2025-10-14 09:15:00+00:00,2.140000104904175,2.140000104904175,2.150000095367432,2.140000104904175,2.150000095367432,18215,GLOBE,2025-10
2025-10-14 09:20:00+00:00,2.150000095367432,2.150000095367432,2.150000095367432,2.150000095367432,2.150000095367432,1794,GLOBE,2025-10
2025-10-14 09:25:00+00:00,2.150000095367432,2.150000095367432,2.1600000858306885,2.150000095367432,2.1600000858306885,592,GLOBE,2025-10
2025-10-14 09:30:00+00:00,2.1600000858306885,2.1600000858306885,2.1600000858306885,2.1600000858306885,2.1600000858306885,1402,GLOBE,2025-10
2025-10-14 09:35:00+00:00,2.1600000858306885,2.1600000858306885,2.1600000858306885,2.140000104904175,2.140000104904175,3643,GLOBE,2025-10
2025-10-14 09:40:00+00:00,2.150000095367432,2.150000095367432,2.180000066757202,2.140000104904175,2.1600000858306885,60593,GLOBE,2025-10
2025-10-14 09:45:00+00:00,2.1700000762939453,2.1700000762939453,2.180000066757202,2.150000095367432,2.150000095367432,39419,GLOBE,2025-10
2025-10-14 09:50:00+00:00,2.1700000762939453,2.1700000762939453,2.1700000762939453,2.1600000858306885,2.1700000762939453,20,GLOBE,2025-10
2025-10-14 09:55:00+00:00,2.1600000858306885,2.1600000858306885,2.1700000762939453,2.140000104904175,2.1600000858306885,14861,GLOBE,2025-10
2025-10-15 03:45:00+00:00,2.200000047683716,2.200000047683716,2.2100000381469727,2.200000047683716,2.2100000381469727,0,GLOBE,2025-10
2025-10-15 03:50:00+00:00,2.190000057220459,2.190000057220459,2.2100000381469727,2.190000057220459,2.2100000381469727,20021,GLOBE,2025-10
2025-10-15 03:55:00+00:00,2.180000066757202,2.180000066757202,2.190000057220459,2.180000066757202,2.190000057220459,2651,GLOBE,2025-10
2025-10-15 04:00:00+00:00,2.190000057220459,2.190000057220459,2.190000057220459,2.180000066757202,2.190000057220459,2260,GLOBE,2025-10
2025-10-15 04:05:00+00:00,2.190000057220459,2.190000057220459,2.190000057220459,2.190000057220459,2.190000057220459,240,GLOBE,2025-10
2025-10-15 04:10:00+00:00,2.190000057220459,2.190000057220459,2.190000057220459,2.190000057220459,2.190000057220459,2349,GLOBE,2025-10
2025-10-15 04:15:00+00:00,2.190000057220459,2.190000057220459,2.190000057220459,2.190000057220459,2.190000057220459,0,GLOBE,2025-10
2025-10-15 04:20:00+00:00,2.180000066757202,2.180000066757202,2.180000066757202,2.180000066757202,2.180000066757202,490,GLOBE,2025-10
2025-10-15 04:25:00+00:00,2.190000057220459,2.190000057220459,2.190000057220459,2.190000057220459,2.190000057220459,353,GLOBE,2025-10
2025-10-15 04:30:00+00:00,2.180000066757202,2.180000066757202,2.190000057220459,2.1700000762939453,2.190000057220459,5848,GLOBE,2025-10
2025-10-15 04:35:00+00:00,2.180000066757202,2.180000066757202,2.180000066757202,2.1700000762939453,2.1700000762939453,211,GLOBE,2025-10
2025-10-15 04:40:00+00:00,2.180000066757202,2.180000066757202,2.180000066757202,2.180000066757202,2.180000066757202,93,GLOBE,2025-10
2025-10-15 04:45:00+00:00,2.180000066757202,2.180000066757202,2.180000066757202,2.1700000762939453,2.180000066757202,15162,GLOBE,2025-10
2025-10-15 04:50:00+00:00,2.1700000762939453,2.1700000762939453,2.180000066757202,2.1600000858306885,2.180000066757202,517,GLOBE,2025-10
2025-10-15 04:55:00+00:00,2.1700000762939453,2.1700000762939453,2.1700000762939453,2.1600000858306885,2.1600000858306885,1086,GLOBE,2025-10
2025-10-15 05:00:00+00:00,2.1700000762939453,2.1700000762939453,2.1700000762939453,2.1600000858306885,2.1700000762939453,2754,GLOBE,2025-10
2025-10-15 05:05:00+00:00,2.180000066757202,2.180000066757202,2.180000066757202,2.1700000762939453,2.1700000762939453,88,GLOBE,2025-10
2025-10-15 05:10:00+00:00,2.1700000762939453,2.1700000762939453,2.180000066757202,2.1700000762939453,2.180000066757202,139,GLOBE,2025-10
2025-10-15 05:15:00+00:00,2.180000066757202,2.180000066757202,2.180000066757202,2.1700000762939453,2.1700000762939453,1107,GLOBE,2025-10
2025-10-15 05:20:00+00:00,2.1700000762939453,2.1700000762939453,2.180000066757202,2.1700000762939453,2.180000066757202,2998,GLOBE,2025-10
2025-10-15 05:25:00+00:00,2.180000066757202,2.180000066757202,2.180000066757202,2.180000066757202,2.180000066757202,0,GLOBE,2025-10
2025-10-15 05:30:00+00:00,2.1700000762939453,2.1700000762939453,2.1700000762939453,2.1700000762939453,2.1700000762939453,0,GLOBE,2025-10
2025-10-15 05:35:00+00:00,2.1700000762939453,2.1700000762939453,2.1700000762939453,2.1700000762939453,2.1700000762939453,9104,GLOBE,2025-10
2025-10-15 05:40:00+00:00,2.1600000858306885,2.1600000858306885,2.1600000858306885,2.1600000858306885,2.1600000858306885,6752,GLOBE,2025-10
2025-10-15 05:45:00+00:00,2.1600000858306885,2.1600000858306885,2.1700000762939453,2.1600000858306885,2.1700000762939453,134,GLOBE,2025-10
2025-10-15 05:50:00+00:00,2.180000066757202,2.180000066757202,2.180000066757202,2.1700000762939453,2.1700000762939453,1525,GLOBE,2025-10
2025-10-15 05:55:00+00:00,2.1700000762939453,2.1700000762939453,2.180000066757202,2.1600000858306885,2.180000066757202,4812,GLOBE,2025-10
2025-10-15 06:00:00+00:00,2.1600000858306885,2.1600000858306885,2.1700000762939453,2.1600000858306885,2.1700000762939453,5776,GLOBE,2025-10
2025-10-15 06:05:00+00:00,2.1600000858306885,2.1600000858306885,2.180000066757202,2.1600000858306885,2.1700000762939453,972,GLOBE,2025-10
2025-10-15 06:10:00+00:00,2.1700000762939453,2.1700000762939453,2.1700000762939453,2.1600000858306885,2.1700000762939453,9914,GLOBE,2025-10
2025-10-15 06:15:00+00:00,2.1700000762939453,2.1700000762939453,2.1700000762939453,2.1700000762939453,2.1700000762939453,64,GLOBE,2025-10
2025-10-15 06:20:00+00:00,2.1700000762939453,2.1700000762939453,2.1700000762939453,2.1700000762939453,2.1700000762939453,350,GLOBE,2025-10
2025-10-15 06:35:00+00:00,2.1600000858306885,2.1600000858306885,2.180000066757202,2.1600000858306885,2.1600000858306885,23327,GLOBE,2025-10
2025-10-15 06:40:00+00:00,2.1700000762939453,2.1700000762939453,2.1700000762939453,2.1600000858306885,2.1600000858306885,5226,GLOBE,2025-10
2025-10-15 06:45:00+00:00,2.1700000762939453,2.1700000762939453,2.1700000762939453,2.1700000762939453,2.1700000762939453,3663,GLOBE,2025-10
2025-10-15 06:50:00+00:00,2.1700000762939453,2.1700000762939453,2.1700000762939453,2.1700000762939453,2.1700000762939453,4697,GLOBE,2025-10
2025-10-15 06:55:00+00:00,2.1600000858306885,2.1600000858306885,2.1600000858306885,2.1600000858306885,2.1600000858306885,934,GLOBE,2025-10
2025-10-15 07:10:00+00:00,2.180000066757202,2.180000066757202,2.180000066757202,2.180000066757202,2.180000066757202,9300,GLOBE,2025-10
2025-10-15 07:15:00+00:00,2.1700000762939453,2.1700000762939453,2.1700000762939453,2.1700000762939453,2.1700000762939453,100,GLOBE,2025-10
2025-10-15 07:20:00+00:00,2.1700000762939453,2.1700000762939453,2.1700000762939453,2.1700000762939453,2.1700000762939453,1200,GLOBE,2025-10
2025-10-15 07:25:00+00:00,2.1700000762939453,2.1700000762939453,2.1700000762939453,2.1700000762939453,2.1700000762939453,0,GLOBE,2025-10
2025-10-15 07:30:00+00:00,2.180000066757202,2.180000066757202,2.180000066757202,2.1700000762939453,2.1700000762939453,610,GLOBE,2025-10
2025-10-15 07:35:00+00:00,2.180000066757202,2.180000066757202,2.180000066757202,2.180000066757202,2.180000066757202,60,GLOBE,2025-10
2025-10-15 07:40:00+00:00,2.180000066757202,2.180000066757202,2.180000066757202,2.180000066757202,2.180000066757202,159,GLOBE,2025-10
2025-10-15 07:45:00+00:00,2.180000066757202,2.180000066757202,2.180000066757202,2.1700000762939453,2.1700000762939453,922,GLOBE,2025-10
2025-10-15 07:50:00+00:00,2.180000066757202,2.180000066757202,2.180000066757202,2.180000066757202,2.180000066757202,50,GLOBE,2025-10
2025-10-15 07:55:00+00:00,2.1700000762939453,2.1700000762939453,2.180000066757202,2.1700000762939453,2.180000066757202,450,GLOBE,2025-10
2025-10-15 08:00:00+00:00,2.1700000762939453,2.1700000762939453,2.1700000762939453,2.1700000762939453,2.1700000762939453,2,GLOBE,2025-10
2025-10-15 08:10:00+00:00,2.180000066757202,2.180000066757202,2.180000066757202,2.180000066757202,2.180000066757202,90,GLOBE,2025-10
2025-10-15 08:20:00+00:00,2.1700000762939453,2.1700000762939453,2.1700000762939453,2.1700000762939453,2.1700000762939453,15665,GLOBE,2025-10
2025-10-15 08:25:00+00:00,2.1700000762939453,2.1700000762939453,2.180000066757202,2.1600000858306885,2.180000066757202,2672,GLOBE,2025-10
2025-10-15 08:35:00+00:00,2.1600000858306885,2.1600000858306885,2.1600000858306885,2.1600000858306885,2.1600000858306885,1300,GLOBE,2025-10
2025-10-15 08:40:00+00:00,2.1700000762939453,2.1700000762939453,2.1700000762939453,2.1700000762939453,2.1700000762939453,1392,GLOBE,2025-10
2025-10-15 08:45:00+00:00,2.180000066757202,2.180000066757202,2.180000066757202,2.180000066757202,2.180000066757202,254,GLOBE,2025-10
2025-10-15 08:55:00+00:00,2.1600000858306885,2.1600000858306885,2.180000066757202,2.1600000858306885,2.180000066757202,10657,GLOBE,2025-10
2025-10-15 09:00:00+00:00,2.1700000762939453,2.1700000762939453,2.1700000762939453,2.1700000762939453,2.1700000762939453,0,GLOBE,2025-10
2025-10-15 09:05:00+00:00,2.180000066757202,2.180000066757202,2.180000066757202,2.1700000762939453,2.1700000762939453,1221,GLOBE,2025-10
2025-10-15 09:15:00+00:00,2.1600000858306885,2.1600000858306885,2.1700000762939453,2.1600000858306885,2.1700000762939453,760,GLOBE,2025-10
2025-10-15 09:20:00+00:00,2.180000066757202,2.180000066757202,2.180000066757202,2.1700000762939453,2.1700000762939453,4493,GLOBE,2025-10
2025-10-15 09:25:00+00:00,2.180000066757202,2.180000066757202,2.180000066757202,2.180000066757202,2.180000066757202,5642,GLOBE,2025-10
2025-10-15 09:30:00+00:00,2.180000066757202,2.180000066757202,2.180000066757202,2.1700000762939453,2.180000066757202,1307,GLOBE,2025-10
2025-10-15 09:35:00+00:00,2.1700000762939453,2.1700000762939453,2.1700000762939453,2.1700000762939453,2.1700000762939453,267,GLOBE,2025-10
2025-10-15 09:40:00+00:00,2.1700000762939453,2.1700000762939453,2.180000066757202,2.1700000762939453,2.180000066757202,568,GLOBE,2025-10
2025-10-15 09:45:00+00:00,2.1700000762939453,2.1700000762939453,2.180000066757202,2.1700000762939453,2.1700000762939453,7186,GLOBE,2025-10
2025-10-15 09:50:00+00:00,2.180000066757202,2.180000066757202,2.180000066757202,2.1700000762939453,2.1700000762939453,0,GLOBE,2025-10
2025-10-15 09:55:00+00:00,2.1700000762939453,2.1700000762939453,2.180000066757202,2.1700000762939453,2.180000066757202,11258,GLOBE,2025-10
2025-10-16 03:45:00+00:00,2.1700000762939453,2.1700000762939453,2.180000066757202,2.1700000762939453,2.180000066757202,0,GLOBE,2025-10
2025-10-16 03:50:00+00:00,2.1600000858306885,2.1600000858306885,2.180000066757202,2.1600000858306885,2.1600000858306885,10166,GLOBE,2025-10
2025-10-16 03:55:00+00:00,2.150000095367432,2.150000095367432,2.180000066757202,2.150000095367432,2.180000066757202,0,GLOBE,2025-10
2025-10-16 04:00:00+00:00,2.1600000858306885,2.1600000858306885,2.180000066757202,2.1600000858306885,2.180000066757202,1533,GLOBE,2025-10
2025-10-16 04:05:00+00:00,2.1700000762939453,2.1700000762939453,2.1700000762939453,2.1700000762939453,2.1700000762939453,523,GLOBE,2025-10
2025-10-16 04:10:00+00:00,2.1700000762939453,2.1700000762939453,2.1700000762939453,2.1600000858306885,2.1600000858306885,5917,GLOBE,2025-10
2025-10-16 04:15:00+00:00,2.1700000762939453,2.1700000762939453,2.1700000762939453,2.1600000858306885,2.1700000762939453,1370,GLOBE,2025-10
2025-10-16 04:20:00+00:00,2.1600000858306885,2.1600000858306885,2.1600000858306885,2.1600000858306885,2.1600000858306885,514,GLOBE,2025-10
2025-10-16 04:25:00+00:00,2.1600000858306885,2.1600000858306885,2.1600000858306885,2.1600000858306885,2.1600000858306885,437,GLOBE,2025-10
2025-10-16 04:30:00+00:00,2.1700000762939453,2.1700000762939453,2.1700000762939453,2.1600000858306885,2.1600000858306885,1160,GLOBE,2025-10
2025-10-16 04:35:00+00:00,2.1600000858306885,2.1600000858306885,2.1700000762939453,2.1600000858306885,2.1700000762939453,2915,GLOBE,2025-10
2025-10-16 04:40:00+00:00,2.1600000858306885,2.1600000858306885,2.1600000858306885,2.1600000858306885,2.1600000858306885,1182,GLOBE,2025-10
2025-10-16 04:45:00+00:00,2.150000095367432,2.150000095367432,2.1600000858306885,2.150000095367432,2.1600000858306885,4247,GLOBE,2025-10
2025-10-16 04:50:00+00:00,2.1700000762939453,2.1700000762939453,2.1700000762939453,2.1700000762939453,2.1700000762939453,0,GLOBE,2025-10
2025-10-16 04:55:00+00:00,2.1600000858306885,2.1600000858306885,2.1600000858306885,2.1600000858306885,2.1600000858306885,3,GLOBE,2025-10
2025-10-16 05:00:00+00:00,2.1600000858306885,2.1600000858306885,2.1700000762939453,2.150000095367432,2.1600000858306885,4175,GLOBE,2025-10
2025-10-16 05:05:00+00:00,2.1600000858306885,2.1600000858306885,2.1600000858306885,2.150000095367432,2.1600000858306885,4016,GLOBE,2025-10
2025-10-16 05:10:00+00:00,2.1600000858306885,2.1600000858306885,2.1600000858306885,2.1600000858306885,2.1600000858306885,109,GLOBE,2025-10
2025-10-16 05:15:00+00:00,2.150000095367432,2.150000095367432,2.1600000858306885,2.150000095367432,2.1600000858306885,2007,GLOBE,2025-10
2025-10-16 05:20:00+00:00,2.1600000858306885,2.1600000858306885,2.1600000858306885,2.1600000858306885,2.1600000858306885,0,GLOBE,2025-10
2025-10-16 05:25:00+00:00,2.1600000858306885,2.1600000858306885,2.1600000858306885,2.1600000858306885,2.1600000858306885,462,GLOBE,2025-10
2025-10-16 05:30:00+00:00,2.150000095367432,2.150000095367432,2.1600000858306885,2.150000095367432,2.1600000858306885,3559,GLOBE,2025-10
2025-10-16 05:35:00+00:00,2.150000095367432,2.150000095367432,2.1600000858306885,2.150000095367432,2.1600000858306885,0,GLOBE,2025-10
2025-10-16 05:40:00+00:00,2.150000095367432,2.150000095367432,2.150000095367432,2.150000095367432,2.150000095367432,10676,GLOBE,2025-10
2025-10-16 05:45:00+00:00,2.1600000858306885,2.1600000858306885,2.1600000858306885,2.140000104904175,2.150000095367432,3258,GLOBE,2025-10
2025-10-16 05:50:00+00:00,2.1600000858306885,2.1600000858306885,2.1600000858306885,2.1600000858306885,2.1600000858306885,335,GLOBE,2025-10
2025-10-16 05:55:00+00:00,2.150000095367432,2.150000095367432,2.150000095367432,2.150000095367432,2.150000095367432,6250,GLOBE,2025-10
2025-10-16 06:00:00+00:00,2.1600000858306885,2.1600000858306885,2.1600000858306885,2.150000095367432,2.150000095367432,0,GLOBE,2025-10
2025-10-16 06:05:00+00:00,2.150000095367432,2.150000095367432,2.1600000858306885,2.150000095367432,2.1600000858306885,703,GLOBE,2025-10
2025-10-16 06:10:00+00:00,2.150000095367432,2.150000095367432,2.150000095367432,2.150000095367432,2.150000095367432,20,GLOBE,2025-10
2025-10-16 06:15:00+00:00,2.1600000858306885,2.1600000858306885,2.1600000858306885,2.150000095367432,2.150000095367432,391,GLOBE,2025-10
2025-10-16 06:25:00+00:00,2.140000104904175,2.140000104904175,2.1600000858306885,2.140000104904175,2.1600000858306885,19151,GLOBE,2025-10
2025-10-16 06:30:00+00:00,2.1600000858306885,2.1600000858306885,2.1600000858306885,2.140000104904175,2.150000095367432,0,GLOBE,2025-10
2025-10-16 06:35:00+00:00,2.1600000858306885,2.1600000858306885,2.1600000858306885,2.150000095367432,2.1600000858306885,5563,GLOBE,2025-10
2025-10-16 06:40:00+00:00,2.1600000858306885,2.1600000858306885,2.1600000858306885,2.1600000858306885,2.1600000858306885,0,GLOBE,2025-10
2025-10-16 06:45:00+00:00,2.1600000858306885,2.1600000858306885,2.1600000858306885,2.150000095367432,2.1600000858306885,4200,GLOBE,2025-10
2025-10-16 06:50:00+00:00,2.1600000858306885,2.1600000858306885,2.1600000858306885,2.140000104904175,2.140000104904175,0,GLOBE,2025-10
2025-10-16 06:55:00+00:00,2.1600000858306885,2.1600000858306885,2.1600000858306885,2.140000104904175,2.140000104904175,1613,GLOBE,2025-10
2025-10-16 07:05:00+00:00,2.1600000858306885,2.1600000858306885,2.1600000858306885,2.1600000858306885,2.1600000858306885,803,GLOBE,2025-10
2025-10-16 07:10:00+00:00,2.140000104904175,2.140000104904175,2.1600000858306885,2.140000104904175,2.1600000858306885,81,GLOBE,2025-10
2025-10-16 07:15:00+00:00,2.1600000858306885,2.1600000858306885,2.1600000858306885,2.1600000858306885,2.1600000858306885,194,GLOBE,2025-10
2025-10-16 07:25:00+00:00,2.140000104904175,2.140000104904175,2.1600000858306885,2.140000104904175,2.1600000858306885,2452,GLOBE,2025-10
2025-10-16 07:30:00+00:00,2.1600000858306885,2.1600000858306885,2.1600000858306885,2.1600000858306885,2.1600000858306885,0,GLOBE,2025-10
2025-10-16 07:40:00+00:00,2.2100000381469727,2.2100000381469727,2.2100000381469727,2.150000095367432,2.1600000858306885,94482,GLOBE,2025-10
2025-10-16 07:45:00+00:00,2.220000028610229,2.220000028610229,2.220000028610229,2.200000047683716,2.200000047683716,20993,GLOBE,2025-10
2025-10-16 07:50:00+00:00,2.200000047683716,2.200000047683716,2.220000028610229,2.200000047683716,2.220000028610229,0,GLOBE,2025-10
2025-10-16 07:55:00+00:00,2.2300000190734863,2.2300000190734863,2.2300000190734863,2.200000047683716,2.200000047683716,88674,GLOBE,2025-10
2025-10-16 08:00:00+00:00,2.2300000190734863,2.2300000190734863,2.2300000190734863,2.2300000190734863,2.2300000190734863,2912,GLOBE,2025-10
2025-10-16 08:05:00+00:00,2.2100000381469727,2.2100000381469727,2.2300000190734863,2.2100000381469727,2.2300000190734863,0,GLOBE,2025-10
2025-10-16 08:10:00+00:00,2.2100000381469727,2.2100000381469727,2.2100000381469727,2.2100000381469727,2.2100000381469727,577,GLOBE,2025-10
2025-10-16 08:15:00+00:00,2.240000009536743,2.240000009536743,2.25,2.200000047683716,2.200000047683716,96604,GLOBE,2025-10
2025-10-16 08:20:00+00:00,2.240000009536743,2.240000009536743,2.240000009536743,2.220000028610229,2.220000028610229,2554,GLOBE,2025-10
2025-10-16 08:25:00+00:00,2.240000009536743,2.240000009536743,2.240000009536743,2.240000009536743,2.240000009536743,10093,GLOBE,2025-10
2025-10-16 08:30:00+00:00,2.240000009536743,2.240000009536743,2.240000009536743,2.240000009536743,2.240000009536743,0,GLOBE,2025-10
2025-10-16 08:35:00+00:00,2.200000047683716,2.200000047683716,2.2300000190734863,2.200000047683716,2.2300000190734863,3831,GLOBE,2025-10
2025-10-16 08:40:00+00:00,2.220000028610229,2.220000028610229,2.220000028610229,2.220000028610229,2.220000028610229,77156,GLOBE,2025-10
2025-10-16 08:45:00+00:00,2.200000047683716,2.200000047683716,2.220000028610229,2.200000047683716,2.220000028610229,5177,GLOBE,2025-10
2025-10-16 08:50:00+00:00,2.190000057220459,2.190000057220459,2.200000047683716,2.190000057220459,2.200000047683716,229,GLOBE,2025-10
2025-10-16 09:00:00+00:00,2.190000057220459,2.190000057220459,2.190000057220459,2.190000057220459,2.190000057220459,1232,GLOBE,2025-10
2025-10-16 09:05:00+00:00,2.220000028610229,2.220000028610229,2.220000028610229,2.190000057220459,2.190000057220459,23373,GLOBE,2025-10
2025-10-16 09:15:00+00:00,2.180000066757202,2.180000066757202,2.180000066757202,2.180000066757202,2.180000066757202,9764,GLOBE,2025-10
2025-10-16 09:20:00+00:00,2.2100000381469727,2.2100000381469727,2.2100000381469727,2.2100000381469727,2.2100000381469727,1373,GLOBE,2025-10
2025-10-16 09:30:00+00:00,2.2300000190734863,2.2300000190734863,2.2300000190734863,2.200000047683716,2.220000028610229,5536,GLOBE,2025-10
2025-10-16 09:40:00+00:00,2.220000028610229,2.220000028610229,2.220000028610229,2.220000028610229,2.220000028610229,174,GLOBE,2025-10
2025-10-16 09:45:00+00:00,2.2100000381469727,2.2100000381469727,2.25,2.2100000381469727,2.25,81218,GLOBE,2025-10
2025-10-16 09:50:00+00:00,2.2300000190734863,2.2300000190734863,2.240000009536743,2.2300000190734863,2.240000009536743,0,GLOBE,2025-10
2025-10-16 09:55:00+00:00,2.240000009536743,2.240000009536743,2.240000009536743,2.220000028610229,2.2300000190734863,41616,GLOBE,2025-10
2025-10-17 03:45:00+00:00,2.200000047683716,2.200000047683716,2.259999990463257,2.200000047683716,2.259999990463257,0,GLOBE,2025-10
2025-10-17 03:50:00+00:00,2.2100000381469727,2.2100000381469727,2.2100000381469727,2.200000047683716,2.200000047683716,4405,GLOBE,2025-10
2025-10-17 03:55:00+00:00,2.200000047683716,2.200000047683716,2.2100000381469727,2.200000047683716,2.2100000381469727,1144,GLOBE,2025-10
2025-10-17 04:00:00+00:00,2.200000047683716,2.200000047683716,2.2100000381469727,2.200000047683716,2.2100000381469727,5761,GLOBE,2025-10
2025-10-17 04:05:00+00:00,2.220000028610229,2.220000028610229,2.220000028610229,2.200000047683716,2.200000047683716,15574,GLOBE,2025-10
2025-10-17 04:10:00+00:00,2.220000028610229,2.220000028610229,2.220000028610229,2.220000028610229,2.220000028610229,2409,GLOBE,2025-10
2025-10-17 04:15:00+00:00,2.220000028610229,2.220000028610229,2.220000028610229,2.220000028610229,2.220000028610229,55,GLOBE,2025-10
2025-10-17 04:20:00+00:00,2.2100000381469727,2.2100000381469727,2.220000028610229,2.2100000381469727,2.220000028610229,1394,GLOBE,2025-10
2025-10-17 04:25:00+00:00,2.25,2.25,2.25,2.25,2.25,160986,GLOBE,2025-10
2025-10-17 04:30:00+00:00,2.25,2.25,2.25,2.25,2.25,0,GLOBE,2025-10
2025-10-17 04:35:00+00:00,2.240000009536743,2.240000009536743,2.240000009536743,2.240000009536743,2.240000009536743,0,GLOBE,2025-10
2025-10-17 04:40:00+00:00,2.220000028610229,2.220000028610229,2.220000028610229,2.220000028610229,2.220000028610229,6270,GLOBE,2025-10
2025-10-17 04:45:00+00:00,2.25,2.25,2.25,2.25,2.25,415851,GLOBE,2025-10
2025-10-17 04:50:00+00:00,2.25,2.25,2.259999990463257,2.25,2.259999990463257,0,GLOBE,2025-10
2025-10-17 04:55:00+00:00,2.2300000190734863,2.2300000190734863,2.25,2.2300000190734863,2.2300000190734863,1424,GLOBE,2025-10
2025-10-17 05:00:00+00:00,2.2300000190734863,2.2300000190734863,2.2300000190734863,2.2300000190734863,2.2300000190734863,0,GLOBE,2025-10
2025-10-17 05:05:00+00:00,2.240000009536743,2.240000009536743,2.240000009536743,2.2300000190734863,2.2300000190734863,19,GLOBE,2025-10
2025-10-17 05:10:00+00:00,2.2300000190734863,2.2300000190734863,2.240000009536743,2.2300000190734863,2.2300000190734863,248,GLOBE,2025-10
2025-10-17 05:15:00+00:00,2.240000009536743,2.240000009536743,2.240000009536743,2.240000009536743,2.240000009536743,284,GLOBE,2025-10
2025-10-17 05:20:00+00:00,2.2300000190734863,2.2300000190734863,2.2300000190734863,2.2300000190734863,2.2300000190734863,28641,GLOBE,2025-10
2025-10-17 05:25:00+00:00,2.2300000190734863,2.2300000190734863,2.2300000190734863,2.220000028610229,2.220000028610229,2704,GLOBE,2025-10
2025-10-17 05:30:00+00:00,2.2300000190734863,2.2300000190734863,2.2300000190734863,2.220000028610229,2.2300000190734863,475,GLOBE,2025-10
2025-10-17 05:35:00+00:00,2.2300000190734863,2.2300000190734863,2.25,2.2300000190734863,2.25,274047,GLOBE,2025-10
2025-10-17 05:40:00+00:00,2.25,2.25,2.25,2.240000009536743,2.240000009536743,53,GLOBE,2025-10
2025-10-17 05:45:00+00:00,2.25,2.25,2.25,2.25,2.25,2438,GLOBE,2025-10
2025-10-17 05:55:00+00:00,2.25,2.25,2.25,2.240000009536743,2.240000009536743,19919,GLOBE,2025-10
2025-10-17 06:00:00+00:00,2.25,2.25,2.25,2.240000009536743,2.25,0,GLOBE,2025-10
2025-10-17 06:05:00+00:00,2.240000009536743,2.240000009536743,2.240000009536743,2.240000009536743,2.240000009536743,10124,GLOBE,2025-10
2025-10-17 06:10:00+00:00,2.240000009536743,2.240000009536743,2.240000009536743,2.2300000190734863,2.2300000190734863,1814,GLOBE,2025-10
2025-10-17 06:15:00+00:00,2.240000009536743,2.240000009536743,2.240000009536743,2.2300000190734863,2.2300000190734863,2174,GLOBE,2025-10
2025-10-17 06:20:00+00:00,2.240000009536743,2.240000009536743,2.240000009536743,2.2300000190734863,2.2300000190734863,1533,GLOBE,2025-10
2025-10-17 06:25:00+00:00,2.2300000190734863,2.2300000190734863,2.2300000190734863,2.2300000190734863,2.2300000190734863,2816,GLOBE,2025-10
2025-10-17 06:30:00+00:00,2.240000009536743,2.240000009536743,2.240000009536743,2.240000009536743,2.240000009536743,7452,GLOBE,2025-10
2025-10-17 06:35:00+00:00,2.240000009536743,2.240000009536743,2.240000009536743,2.240000009536743,2.240000009536743,200,GLOBE,2025-10
2025-10-17 06:40:00+00:00,2.2300000190734863,2.2300000190734863,2.2300000190734863,2.2300000190734863,2.2300000190734863,700,GLOBE,2025-10
2025-10-17 06:45:00+00:00,2.2300000190734863,2.2300000190734863,2.240000009536743,2.2300000190734863,2.240000009536743,1981,GLOBE,2025-10
2025-10-17 06:50:00+00:00,2.2300000190734863,2.2300000190734863,2.2300000190734863,2.2300000190734863,2.2300000190734863,4796,GLOBE,2025-10
2025-10-17 06:55:00+00:00,2.240000009536743,2.240000009536743,2.240000009536743,2.2300000190734863,2.2300000190734863,1058,GLOBE,2025-10
2025-10-17 07:00:00+00:00,2.240000009536743,2.240000009536743,2.240000009536743,2.240000009536743,2.240000009536743,109,GLOBE,2025-10
2025-10-17 07:10:00+00:00,2.240000009536743,2.240000009536743,2.240000009536743,2.240000009536743,2.240000009536743,28,GLOBE,2025-10
2025-10-17 07:15:00+00:00,2.2300000190734863,2.2300000190734863,2.240000009536743,2.2300000190734863,2.240000009536743,3442,GLOBE,2025-10
2025-10-17 07:25:00+00:00,2.259999990463257,2.259999990463257,2.259999990463257,2.240000009536743,2.240000009536743,166005,GLOBE,2025-10
2025-10-17 07:30:00+00:00,2.25,2.25,2.25,2.240000009536743,2.25,0,GLOBE,2025-10
2025-10-17 07:35:00+00:00,2.240000009536743,2.240000009536743,2.240000009536743,2.240000009536743,2.240000009536743,10398,GLOBE,2025-10
2025-10-17 07:45:00+00:00,2.25,2.25,2.25,2.25,2.25,831,GLOBE,2025-10
2025-10-17 07:50:00+00:00,2.240000009536743,2.240000009536743,2.240000009536743,2.2300000190734863,2.240000009536743,291,GLOBE,2025-10
2025-10-17 07:55:00+00:00,2.240000009536743,2.240000009536743,2.240000009536743,2.240000009536743,2.240000009536743,46,GLOBE,2025-10
2025-10-17 08:00:00+00:00,2.240000009536743,2.240000009536743,2.240000009536743,2.240000009536743,2.240000009536743,0,GLOBE,2025-10
2025-10-17 08:05:00+00:00,2.240000009536743,2.240000009536743,2.240000009536743,2.240000009536743,2.240000009536743,283,GLOBE,2025-10
2025-10-17 08:10:00+00:00,2.2300000190734863,2.2300000190734863,2.2300000190734863,2.2300000190734863,2.2300000190734863,0,GLOBE,2025-10
2025-10-17 08:25:00+00:00,2.240000009536743,2.240000009536743,2.240000009536743,2.240000009536743,2.240000009536743,3782,GLOBE,2025-10
2025-10-17 08:30:00+00:00,2.25,2.25,2.25,2.240000009536743,2.240000009536743,75408,GLOBE,2025-10
2025-10-17 08:35:00+00:00,2.25,2.25,2.259999990463257,2.25,2.259999990463257,0,GLOBE,2025-10
2025-10-17 08:40:00+00:00,2.259999990463257,2.259999990463257,2.259999990463257,2.25,2.259999990463257,0,GLOBE,2025-10
2025-10-17 08:50:00+00:00,2.25,2.25,2.259999990463257,2.25,2.259999990463257,505,GLOBE,2025-10
2025-10-17 08:55:00+00:00,2.259999990463257,2.259999990463257,2.259999990463257,2.259999990463257,2.259999990463257,2410,GLOBE,2025-10
2025-10-17 09:00:00+00:00,2.259999990463257,2.259999990463257,2.259999990463257,2.25,2.25,1156,GLOBE,2025-10
2025-10-17 09:05:00+00:00,2.25,2.25,2.25,2.25,2.25,2002,GLOBE,2025-10
2025-10-17 09:10:00+00:00,2.259999990463257,2.259999990463257,2.259999990463257,2.25,2.25,2024,GLOBE,2025-10
2025-10-17 09:15:00+00:00,2.25,2.25,2.259999990463257,2.240000009536743,2.259999990463257,25253,GLOBE,2025-10
2025-10-17 09:20:00+00:00,2.240000009536743,2.240000009536743,2.25,2.240000009536743,2.25,214,GLOBE,2025-10
2025-10-17 09:25:00+00:00,2.25,2.25,2.25,2.25,2.25,40,GLOBE,2025-10
2025-10-17 09:30:00+00:00,2.25,2.25,2.25,2.240000009536743,2.25,1824,GLOBE,2025-10
2025-10-17 09:35:00+00:00,2.259999990463257,2.259999990463257,2.259999990463257,2.240000009536743,2.240000009536743,25788,GLOBE,2025-10
2025-10-17 09:40:00+00:00,2.259999990463257,2.259999990463257,2.259999990463257,2.259999990463257,2.259999990463257,127,GLOBE,2025-10
2025-10-17 09:45:00+00:00,2.25,2.25,2.259999990463257,2.25,2.259999990463257,11203,GLOBE,2025-10
2025-10-17 09:50:00+00:00,2.259999990463257,2.259999990463257,2.259999990463257,2.25,2.25,1910,GLOBE,2025-10
2025-10-17 09:55:00+00:00,2.259999990463257,2.259999990463257,2.2799999713897705,2.259999990463257,2.259999990463257,86466,GLOBE,2025-10
2025-10-20 03:45:00+00:00,2.2699999809265137,2.2699999809265137,2.309999942779541,2.2699999809265137,2.309999942779541,0,GLOBE,2025-10
2025-10-20 03:50:00+00:00,2.2699999809265137,2.2699999809265137,2.289999961853028,2.2699999809265137,2.2699999809265137,7192,GLOBE,2025-10
2025-10-20 03:55:00+00:00,2.2799999713897705,2.2799999713897705,2.2799999713897705,2.2699999809265137,2.2799999713897705,9500,GLOBE,2025-10
2025-10-20 04:00:00+00:00,2.2699999809265137,2.2699999809265137,2.2799999713897705,2.2699999809265137,2.2799999713897705,68,GLOBE,2025-10
2025-10-20 04:05:00+00:00,2.2699999809265137,2.2699999809265137,2.2799999713897705,2.2699999809265137,2.2699999809265137,7156,GLOBE,2025-10
2025-10-20 04:10:00+00:00,2.2799999713897705,2.2799999713897705,2.2799999713897705,2.259999990463257,2.2699999809265137,12814,GLOBE,2025-10
2025-10-20 04:15:00+00:00,2.2799999713897705,2.2799999713897705,2.2799999713897705,2.2799999713897705,2.2799999713897705,0,GLOBE,2025-10
2025-10-20 04:20:00+00:00,2.259999990463257,2.259999990463257,2.259999990463257,2.259999990463257,2.259999990463257,1998,GLOBE,2025-10
2025-10-20 04:25:00+00:00,2.2799999713897705,2.2799999713897705,2.2799999713897705,2.259999990463257,2.2799999713897705,10486,GLOBE,2025-10
2025-10-20 04:30:00+00:00,2.259999990463257,2.259999990463257,2.2799999713897705,2.259999990463257,2.2799999713897705,1770,GLOBE,2025-10
2025-10-20 04:35:00+00:00,2.2799999713897705,2.2799999713897705,2.2799999713897705,2.259999990463257,2.259999990463257,3589,GLOBE,2025-10
2025-10-20 04:40:00+00:00,2.2799999713897705,2.2799999713897705,2.2799999713897705,2.2799999713897705,2.2799999713897705,96,GLOBE,2025-10
2025-10-20 04:45:00+00:00,2.2799999713897705,2.2799999713897705,2.2799999713897705,2.2799999713897705,2.2799999713897705,4,GLOBE,2025-10
2025-10-20 04:50:00+00:00,2.2799999713897705,2.2799999713897705,2.2799999713897705,2.259999990463257,2.2799999713897705,539,GLOBE,2025-10
2025-10-20 04:55:00+00:00,2.2799999713897705,2.2799999713897705,2.2799999713897705,2.2799999713897705,2.2799999713897705,5040,GLOBE,2025-10
2025-10-20 05:00:00+00:00,2.2699999809265137,2.2699999809265137,2.2799999713897705,2.2699999809265137,2.2799999713897705,1081,GLOBE,2025-10
2025-10-20 05:05:00+00:00,2.2799999713897705,2.2799999713897705,2.2799999713897705,2.259999990463257,2.2799999713897705,3057,GLOBE,2025-10
2025-10-20 05:10:00+00:00,2.2799999713897705,2.2799999713897705,2.2799999713897705,2.2799999713897705,2.2799999713897705,37,GLOBE,2025-10
2025-10-20 05:15:00+00:00,2.2799999713897705,2.2799999713897705,2.2799999713897705,2.259999990463257,2.2799999713897705,418,GLOBE,2025-10
2025-10-20 05:20:00+00:00,2.2699999809265137,2.2699999809265137,2.2699999809265137,2.2699999809265137,2.2699999809265137,76,GLOBE,2025-10
2025-10-20 05:25:00+00:00,2.2699999809265137,2.2699999809265137,2.2699999809265137,2.2699999809265137,2.2699999809265137,200,GLOBE,2025-10
2025-10-20 05:30:00+00:00,2.2799999713897705,2.2799999713897705,2.2799999713897705,2.259999990463257,2.2699999809265137,8013,GLOBE,2025-10
2025-10-20 05:35:00+00:00,2.2799999713897705,2.2799999713897705,2.2799999713897705,2.2799999713897705,2.2799999713897705,0,GLOBE,2025-10
2025-10-20 05:40:00+00:00,2.2699999809265137,2.2699999809265137,2.2799999713897705,2.2699999809265137,2.2799999713897705,100017,GLOBE,2025-10
2025-10-20 05:45:00+00:00,2.259999990463257,2.259999990463257,2.2799999713897705,2.259999990463257,2.2699999809265137,301867,GLOBE,2025-10
2025-10-20 05:50:00+00:00,2.2799999713897705,2.2799999713897705,2.2799999713897705,2.259999990463257,2.259999990463257,0,GLOBE,2025-10
2025-10-20 05:55:00+00:00,2.259999990463257,2.259999990463257,2.259999990463257,2.259999990463257,2.259999990463257,0,GLOBE,2025-10
2025-10-20 06:00:00+00:00,2.2799999713897705,2.2799999713897705,2.2799999713897705,2.2799999713897705,2.2799999713897705,3474,GLOBE,2025-10
2025-10-20 06:05:00+00:00,2.259999990463257,2.259999990463257,2.259999990463257,2.259999990463257,2.259999990463257,2251,GLOBE,2025-10
2025-10-20 06:15:00+00:00,2.2799999713897705,2.2799999713897705,2.2799999713897705,2.259999990463257,2.259999990463257,996,GLOBE,2025-10
2025-10-20 06:20:00+00:00,2.2699999809265137,2.2699999809265137,2.2699999809265137,2.259999990463257,2.259999990463257,34200,GLOBE,2025-10
2025-10-20 06:25:00+00:00,2.2699999809265137,2.2699999809265137,2.2699999809265137,2.2699999809265137,2.2699999809265137,0,GLOBE,2025-10
2025-10-20 06:30:00+00:00,2.2699999809265137,2.2699999809265137,2.2699999809265137,2.259999990463257,2.259999990463257,2377,GLOBE,2025-10
2025-10-20 06:35:00+00:00,2.259999990463257,2.259999990463257,2.259999990463257,2.259999990463257,2.259999990463257,1601,GLOBE,2025-10
2025-10-20 06:40:00+00:00,2.309999942779541,2.309999942779541,2.309999942779541,2.289999961853028,2.289999961853028,177094,GLOBE,2025-10
2025-10-20 06:45:00+00:00,2.289999961853028,2.289999961853028,2.309999942779541,2.289999961853028,2.309999942779541,21681,GLOBE,2025-10
2025-10-20 06:50:00+00:00,2.2699999809265137,2.2699999809265137,2.2699999809265137,2.2699999809265137,2.2699999809265137,0,GLOBE,2025-10
2025-10-20 06:55:00+00:00,2.309999942779541,2.309999942779541,2.319999933242798,2.299999952316284,2.299999952316284,65859,GLOBE,2025-10
2025-10-20 07:00:00+00:00,2.309999942779541,2.309999942779541,2.309999942779541,2.309999942779541,2.309999942779541,14894,GLOBE,2025-10
2025-10-20 07:05:00+00:00,2.2799999713897705,2.2799999713897705,2.309999942779541,2.2799999713897705,2.309999942779541,42836,GLOBE,2025-10
2025-10-20 07:10:00+00:00,2.299999952316284,2.299999952316284,2.299999952316284,2.2699999809265137,2.2699999809265137,2144,GLOBE,2025-10
2025-10-20 07:15:00+00:00,2.299999952316284,2.299999952316284,2.299999952316284,2.299999952316284,2.299999952316284,88,GLOBE,2025-10
2025-10-20 07:20:00+00:00,2.299999952316284,2.299999952316284,2.299999952316284,2.299999952316284,2.299999952316284,2020,GLOBE,2025-10
2025-10-20 07:25:00+00:00,2.2699999809265137,2.2699999809265137,2.299999952316284,2.2699999809265137,2.299999952316284,1519,GLOBE,2025-10
2025-10-20 07:30:00+00:00,2.299999952316284,2.299999952316284,2.299999952316284,2.2799999713897705,2.2799999713897705,224,GLOBE,2025-10
2025-10-20 07:35:00+00:00,2.2799999713897705,2.2799999713897705,2.299999952316284,2.2799999713897705,2.299999952316284,172,GLOBE,2025-10
2025-10-20 07:45:00+00:00,2.299999952316284,2.299999952316284,2.299999952316284,2.299999952316284,2.299999952316284,386,GLOBE,2025-10
2025-10-20 07:50:00+00:00,2.289999961853028,2.289999961853028,2.299999952316284,2.289999961853028,2.299999952316284,0,GLOBE,2025-10
2025-10-20 07:55:00+00:00,2.289999961853028,2.289999961853028,2.289999961853028,2.2799999713897705,2.2799999713897705,4098,GLOBE,2025-10
2025-10-20 08:00:00+00:00,2.309999942779541,2.309999942779541,2.309999942779541,2.309999942779541,2.309999942779541,40359,GLOBE,2025-10
2025-10-20 08:05:00+00:00,2.289999961853028,2.289999961853028,2.289999961853028,2.289999961853028,2.289999961853028,20974,GLOBE,2025-10
2025-10-20 08:10:00+00:00,2.299999952316284,2.299999952316284,2.299999952316284,2.299999952316284,2.299999952316284,200,GLOBE,2025-10
2025-10-20 08:15:00+00:00,2.319999933242798,2.319999933242798,2.319999933242798,2.299999952316284,2.299999952316284,2913,GLOBE,2025-10
2025-10-20 08:20:00+00:00,2.299999952316284,2.299999952316284,2.299999952316284,2.299999952316284,2.299999952316284,5320,GLOBE,2025-10
2025-10-20 08:30:00+00:00,2.299999952316284,2.299999952316284,2.299999952316284,2.299999952316284,2.299999952316284,2439,GLOBE,2025-10
2025-10-20 08:40:00+00:00,2.309999942779541,2.309999942779541,2.309999942779541,2.309999942779541,2.309999942779541,100,GLOBE,2025-10
2025-10-20 08:45:00+00:00,2.309999942779541,2.309999942779541,2.309999942779541,2.309999942779541,2.309999942779541,613,GLOBE,2025-10
2025-10-20 08:50:00+00:00,2.309999942779541,2.309999942779541,2.309999942779541,2.299999952316284,2.309999942779541,4,GLOBE,2025-10
2025-10-20 08:55:00+00:00,2.309999942779541,2.309999942779541,2.309999942779541,2.309999942779541,2.309999942779541,3999,GLOBE,2025-10
2025-10-20 09:00:00+00:00,2.309999942779541,2.309999942779541,2.309999942779541,2.309999942779541,2.309999942779541,0,GLOBE,2025-10
2025-10-20 09:05:00+00:00,2.309999942779541,2.309999942779541,2.309999942779541,2.309999942779541,2.309999942779541,200,GLOBE,2025-10
2025-10-20 09:10:00+00:00,2.309999942779541,2.309999942779541,2.309999942779541,2.309999942779541,2.309999942779541,108,GLOBE,2025-10
2025-10-20 09:15:00+00:00,2.309999942779541,2.309999942779541,2.309999942779541,2.309999942779541,2.309999942779541,0,GLOBE,2025-10
2025-10-20 09:20:00+00:00,2.309999942779541,2.309999942779541,2.309999942779541,2.309999942779541,2.309999942779541,21,GLOBE,2025-10
2025-10-20 09:25:00+00:00,2.309999942779541,2.309999942779541,2.309999942779541,2.309999942779541,2.309999942779541,2,GLOBE,2025-10
2025-10-20 09:30:00+00:00,2.299999952316284,2.299999952316284,2.309999942779541,2.299999952316284,2.309999942779541,7315,GLOBE,2025-10
2025-10-20 09:35:00+00:00,2.299999952316284,2.299999952316284,2.3499999046325684,2.2799999713897705,2.299999952316284,293798,GLOBE,2025-10
2025-10-20 09:40:00+00:00,2.3299999237060547,2.3299999237060547,2.3299999237060547,2.299999952316284,2.299999952316284,433,GLOBE,2025-10
2025-10-20 09:45:00+00:00,2.319999933242798,2.319999933242798,2.3299999237060547,2.319999933242798,2.3299999237060547,20681,GLOBE,2025-10
