datetime,adj_close,close,high,low,open,volume,symbol,month
2025-09-01 03:45:00+00:00,46.5099983215332,46.5099983215332,47.900001525878906,46.5099983215332,47.900001525878906,0,RVHL,2025-09
2025-09-01 03:50:00+00:00,46.880001068115234,46.880001068115234,46.90999984741211,46.77999877929688,46.83000183105469,511,RVHL,2025-09
2025-09-01 04:00:00+00:00,46.90999984741211,46.90999984741211,46.90999984741211,46.81999969482422,46.81999969482422,88,RVHL,2025-09
2025-09-01 04:30:00+00:00,46.75,46.75,46.75,46.5099983215332,46.5099983215332,501,RVHL,2025-09
2025-09-01 04:40:00+00:00,47.08000183105469,47.08000183105469,47.08000183105469,46.810001373291016,46.810001373291016,25,RVHL,2025-09
2025-09-01 04:55:00+00:00,46.97999954223633,46.97999954223633,46.97999954223633,46.97999954223633,46.97999954223633,2,RVHL,2025-09
2025-09-01 05:00:00+00:00,46.93000030517578,46.93000030517578,46.93000030517578,46.93000030517578,46.93000030517578,0,RVHL,2025-09
2025-09-01 05:10:00+00:00,46.75,46.75,46.75,46.75,46.75,350,RVHL,2025-09
2025-09-01 05:25:00+00:00,46.5,46.5,46.68999862670898,46.5,46.68999862670898,338,RVHL,2025-09
2025-09-01 05:30:00+00:00,46.02999877929688,46.02999877929688,46.400001525878906,45.61000061035156,46.400001525878906,872,RVHL,2025-09
2025-09-01 05:35:00+00:00,46.18000030517578,46.18000030517578,46.18000030517578,46.18000030517578,46.18000030517578,2,RVHL,2025-09
2025-09-01 05:40:00+00:00,46.31999969482422,46.31999969482422,46.31999969482422,46.0099983215332,46.0099983215332,2,RVHL,2025-09
2025-09-01 05:55:00+00:00,46.0,46.0,46.0,46.0,46.0,100,RVHL,2025-09
2025-09-01 06:10:00+00:00,45.72999954223633,45.72999954223633,45.72999954223633,45.72999954223633,45.72999954223633,348,RVHL,2025-09
2025-09-01 06:20:00+00:00,46.15999984741211,46.15999984741211,46.15999984741211,46.15999984741211,46.15999984741211,0,RVHL,2025-09
2025-09-01 06:25:00+00:00,45.619998931884766,45.619998931884766,45.900001525878906,45.619998931884766,45.900001525878906,78,RVHL,2025-09
2025-09-01 06:35:00+00:00,45.31999969482422,45.31999969482422,45.72999954223633,45.2400016784668,45.72999954223633,1235,RVHL,2025-09
2025-09-01 06:40:00+00:00,45.5,45.5,45.5,45.5,45.5,1,RVHL,2025-09
2025-09-01 06:45:00+00:00,46.18000030517578,46.18000030517578,46.18000030517578,45.5,45.5,613,RVHL,2025-09
2025-09-01 06:50:00+00:00,45.84999847412109,45.84999847412109,46.08000183105469,45.65999984741211,46.08000183105469,206,RVHL,2025-09
2025-09-01 06:55:00+00:00,45.880001068115234,45.880001068115234,45.880001068115234,45.880001068115234,45.880001068115234,0,RVHL,2025-09
2025-09-01 07:05:00+00:00,45.83000183105469,45.83000183105469,46.25,45.630001068115234,46.08000183105469,181,RVHL,2025-09
2025-09-01 07:10:00+00:00,46.040000915527344,46.040000915527344,46.040000915527344,45.77000045776367,45.77000045776367,32,RVHL,2025-09
2025-09-01 07:15:00+00:00,46.040000915527344,46.040000915527344,46.040000915527344,46.0,46.0,2,RVHL,2025-09
2025-09-01 07:20:00+00:00,46.31999969482422,46.31999969482422,46.31999969482422,46.0,46.0,1006,RVHL,2025-09
2025-09-01 07:25:00+00:00,46.27999877929688,46.27999877929688,46.27999877929688,46.0,46.0,3,RVHL,2025-09
2025-09-01 07:40:00+00:00,46.0,46.0,46.20000076293945,46.0,46.20000076293945,177,RVHL,2025-09
2025-09-01 07:45:00+00:00,46.18000030517578,46.18000030517578,46.18000030517578,46.18000030517578,46.18000030517578,0,RVHL,2025-09
2025-09-01 08:00:00+00:00,45.52999877929688,45.52999877929688,45.93000030517578,45.52000045776367,45.52000045776367,151,RVHL,2025-09
2025-09-01 08:05:00+00:00,45.95000076293945,45.95000076293945,45.95000076293945,45.86000061035156,45.86000061035156,0,RVHL,2025-09
2025-09-01 08:10:00+00:00,45.97999954223633,45.97999954223633,45.97999954223633,45.97999954223633,45.97999954223633,0,RVHL,2025-09
2025-09-01 08:30:00+00:00,45.77999877929688,45.77999877929688,45.790000915527344,45.77999877929688,45.77999877929688,126,RVHL,2025-09
2025-09-01 08:40:00+00:00,45.65999984741211,45.65999984741211,45.810001373291016,45.65999984741211,45.810001373291016,181,RVHL,2025-09
2025-09-01 09:00:00+00:00,45.88999938964844,45.88999938964844,45.88999938964844,45.88999938964844,45.88999938964844,500,RVHL,2025-09
2025-09-01 09:25:00+00:00,45.68999862670898,45.68999862670898,45.68999862670898,45.68999862670898,45.68999862670898,53,RVHL,2025-09
2025-09-01 09:40:00+00:00,45.38999938964844,45.38999938964844,45.4900016784668,45.38999938964844,45.4900016784668,888,RVHL,2025-09
2025-09-01 09:45:00+00:00,45.47999954223633,45.47999954223633,45.47999954223633,45.470001220703125,45.470001220703125,430,RVHL,2025-09
2025-09-01 09:50:00+00:00,46.0,46.0,46.0,44.7400016784668,45.4900016784668,5985,RVHL,2025-09
2025-09-01 09:55:00+00:00,45.56999969482422,45.56999969482422,46.0,45.150001525878906,46.0,215,RVHL,2025-09
2025-09-02 03:45:00+00:00,45.08000183105469,45.08000183105469,45.08000183105469,45.08000183105469,45.08000183105469,0,RVHL,2025-09
2025-09-02 03:50:00+00:00,45.34999847412109,45.34999847412109,45.34999847412109,45.34999847412109,45.34999847412109,30,RVHL,2025-09
2025-09-02 03:55:00+00:00,45.400001525878906,45.400001525878906,45.400001525878906,45.36000061035156,45.36000061035156,206,RVHL,2025-09
2025-09-02 04:00:00+00:00,45.209999084472656,45.209999084472656,45.209999084472656,45.209999084472656,45.209999084472656,337,RVHL,2025-09
2025-09-02 04:05:00+00:00,44.720001220703125,44.720001220703125,45.16999816894531,44.720001220703125,45.16999816894531,187,RVHL,2025-09
2025-09-02 04:10:00+00:00,46.0,46.0,46.0,44.720001220703125,44.84999847412109,4307,RVHL,2025-09
2025-09-02 04:15:00+00:00,46.0,46.0,46.0,46.0,46.0,87,RVHL,2025-09
2025-09-02 04:35:00+00:00,45.880001068115234,45.880001068115234,45.880001068115234,45.79999923706055,45.79999923706055,208,RVHL,2025-09
2025-09-02 04:45:00+00:00,46.02000045776367,46.02000045776367,46.11000061035156,46.02000045776367,46.11000061035156,45,RVHL,2025-09
2025-09-02 04:50:00+00:00,46.02000045776367,46.02000045776367,46.02000045776367,46.02000045776367,46.02000045776367,16,RVHL,2025-09
2025-09-02 04:55:00+00:00,46.0,46.0,46.0,46.0,46.0,295,RVHL,2025-09
2025-09-02 05:10:00+00:00,46.0,46.0,46.0,46.0,46.0,150,RVHL,2025-09
2025-09-02 05:15:00+00:00,45.70000076293945,45.70000076293945,45.70000076293945,45.630001068115234,45.630001068115234,151,RVHL,2025-09
2025-09-02 05:40:00+00:00,46.09000015258789,46.09000015258789,46.09000015258789,46.09000015258789,46.09000015258789,28,RVHL,2025-09
2025-09-02 05:50:00+00:00,46.34999847412109,46.34999847412109,46.34999847412109,46.34999847412109,46.34999847412109,3,RVHL,2025-09
2025-09-02 06:10:00+00:00,46.09999847412109,46.09999847412109,46.09999847412109,45.9900016784668,45.9900016784668,180,RVHL,2025-09
2025-09-02 06:15:00+00:00,46.0099983215332,46.0099983215332,46.0099983215332,46.0099983215332,46.0099983215332,13,RVHL,2025-09
2025-09-02 06:20:00+00:00,45.7400016784668,45.7400016784668,45.95000076293945,45.7400016784668,45.95000076293945,31,RVHL,2025-09
2025-09-02 06:30:00+00:00,45.68999862670898,45.68999862670898,45.97999954223633,45.68999862670898,45.97999954223633,0,RVHL,2025-09
2025-09-02 06:35:00+00:00,45.5099983215332,45.5099983215332,45.5099983215332,45.5099983215332,45.5099983215332,10,RVHL,2025-09
2025-09-02 06:55:00+00:00,45.52000045776367,45.52000045776367,45.52000045776367,45.52000045776367,45.52000045776367,1,RVHL,2025-09
2025-09-02 07:20:00+00:00,45.70000076293945,45.70000076293945,45.70000076293945,45.70000076293945,45.70000076293945,1,RVHL,2025-09
2025-09-02 07:35:00+00:00,45.9900016784668,45.9900016784668,45.9900016784668,45.77999877929688,45.77999877929688,50,RVHL,2025-09
2025-09-02 07:45:00+00:00,45.790000915527344,45.790000915527344,45.790000915527344,45.790000915527344,45.790000915527344,0,RVHL,2025-09
2025-09-02 08:20:00+00:00,46.290000915527344,46.290000915527344,46.290000915527344,46.290000915527344,46.290000915527344,265,RVHL,2025-09
2025-09-02 08:30:00+00:00,45.810001373291016,45.810001373291016,46.25,45.810001373291016,46.25,0,RVHL,2025-09
2025-09-02 09:05:00+00:00,45.790000915527344,45.790000915527344,45.790000915527344,45.790000915527344,45.790000915527344,158,RVHL,2025-09
2025-09-02 09:15:00+00:00,45.77999877929688,45.77999877929688,45.77999877929688,45.77999877929688,45.77999877929688,289,RVHL,2025-09
2025-09-02 09:35:00+00:00,45.459999084472656,45.459999084472656,45.77999877929688,45.459999084472656,45.77999877929688,159,RVHL,2025-09
2025-09-02 09:40:00+00:00,45.459999084472656,45.459999084472656,45.459999084472656,45.459999084472656,45.459999084472656,7,RVHL,2025-09
2025-09-02 09:45:00+00:00,45.52000045776367,45.52000045776367,46.34999847412109,45.5,45.5,136,RVHL,2025-09
2025-09-02 09:55:00+00:00,45.81999969482422,45.81999969482422,46.369998931884766,45.5,45.81999969482422,155,RVHL,2025-09
2025-09-03 03:45:00+00:00,45.06999969482422,45.06999969482422,45.06999969482422,45.06999969482422,45.06999969482422,0,RVHL,2025-09
2025-09-03 04:00:00+00:00,46.33000183105469,46.33000183105469,46.33000183105469,45.970001220703125,45.970001220703125,75,RVHL,2025-09
2025-09-03 04:05:00+00:00,46.0099983215332,46.0099983215332,46.0099983215332,46.0099983215332,46.0099983215332,160,RVHL,2025-09
2025-09-03 04:10:00+00:00,45.970001220703125,45.970001220703125,45.970001220703125,45.970001220703125,45.970001220703125,31,RVHL,2025-09
2025-09-03 04:30:00+00:00,46.0099983215332,46.0099983215332,46.0099983215332,46.0099983215332,46.0099983215332,35,RVHL,2025-09
2025-09-03 04:45:00+00:00,46.0099983215332,46.0099983215332,46.0099983215332,46.0099983215332,46.0099983215332,49,RVHL,2025-09
2025-09-03 04:50:00+00:00,45.970001220703125,45.970001220703125,45.970001220703125,45.970001220703125,45.970001220703125,1080,RVHL,2025-09
2025-09-03 04:55:00+00:00,45.970001220703125,45.970001220703125,45.970001220703125,45.970001220703125,45.970001220703125,0,RVHL,2025-09
2025-09-03 05:10:00+00:00,45.619998931884766,45.619998931884766,45.619998931884766,45.619998931884766,45.619998931884766,404,RVHL,2025-09
2025-09-03 05:50:00+00:00,45.52000045776367,45.52000045776367,45.59000015258789,45.5099983215332,45.5099983215332,19,RVHL,2025-09
2025-09-03 05:55:00+00:00,45.709999084472656,45.709999084472656,45.709999084472656,45.52999877929688,45.59000015258789,38,RVHL,2025-09
2025-09-03 06:05:00+00:00,45.5,45.5,45.9900016784668,45.5,45.9900016784668,113,RVHL,2025-09
2025-09-03 06:15:00+00:00,45.790000915527344,45.790000915527344,45.790000915527344,45.77999877929688,45.77999877929688,2,RVHL,2025-09
2025-09-03 06:30:00+00:00,45.5,45.5,45.95000076293945,45.45000076293945,45.45000076293945,505,RVHL,2025-09
2025-09-03 06:35:00+00:00,45.5,45.5,45.93999862670898,45.45000076293945,45.5,642,RVHL,2025-09
2025-09-03 06:40:00+00:00,45.61000061035156,45.61000061035156,45.900001525878906,45.43000030517578,45.88999938964844,591,RVHL,2025-09
2025-09-03 06:45:00+00:00,45.66999816894531,45.66999816894531,45.93000030517578,45.43000030517578,45.54999923706055,474,RVHL,2025-09
2025-09-03 07:55:00+00:00,45.97999954223633,45.97999954223633,45.97999954223633,45.97999954223633,45.97999954223633,50,RVHL,2025-09
2025-09-03 08:00:00+00:00,45.95000076293945,45.95000076293945,45.95000076293945,45.95000076293945,45.95000076293945,0,RVHL,2025-09
2025-09-03 08:40:00+00:00,45.52000045776367,45.52000045776367,45.52000045776367,45.52000045776367,45.52000045776367,44,RVHL,2025-09
2025-09-03 08:45:00+00:00,46.0099983215332,46.0099983215332,46.0099983215332,46.0099983215332,46.0099983215332,416,RVHL,2025-09
2025-09-03 09:00:00+00:00,46.0099983215332,46.0099983215332,46.0099983215332,46.0099983215332,46.0099983215332,3,RVHL,2025-09
2025-09-03 09:05:00+00:00,46.0,46.0,46.0,46.0,46.0,139,RVHL,2025-09
2025-09-03 09:45:00+00:00,45.5,45.5,47.0,45.5,47.0,1415,RVHL,2025-09
2025-09-03 09:50:00+00:00,46.97999954223633,46.97999954223633,46.97999954223633,46.0,46.0,123,RVHL,2025-09
2025-09-03 09:55:00+00:00,46.869998931884766,46.869998931884766,46.869998931884766,46.0,46.0,208,RVHL,2025-09
2025-09-04 03:45:00+00:00,45.90999984741211,45.90999984741211,45.90999984741211,45.90999984741211,45.90999984741211,43,RVHL,2025-09
2025-09-04 04:00:00+00:00,46.560001373291016,46.560001373291016,46.560001373291016,46.560001373291016,46.560001373291016,70,RVHL,2025-09
2025-09-04 04:05:00+00:00,46.209999084472656,46.209999084472656,46.209999084472656,46.209999084472656,46.209999084472656,0,RVHL,2025-09
2025-09-04 04:10:00+00:00,46.0099983215332,46.0099983215332,46.0099983215332,46.0099983215332,46.0099983215332,31,RVHL,2025-09
2025-09-04 06:00:00+00:00,46.0,46.0,46.40999984741211,45.5099983215332,45.5099983215332,2095,RVHL,2025-09
2025-09-04 06:05:00+00:00,45.2400016784668,45.2400016784668,45.72999954223633,45.2400016784668,45.72999954223633,2187,RVHL,2025-09
2025-09-04 06:10:00+00:00,45.29999923706055,45.29999923706055,45.29999923706055,45.29999923706055,45.29999923706055,190,RVHL,2025-09
2025-09-04 06:15:00+00:00,45.29999923706055,45.29999923706055,45.4900016784668,45.29999923706055,45.4900016784668,25,RVHL,2025-09
2025-09-04 06:20:00+00:00,45.29999923706055,45.29999923706055,45.310001373291016,45.29999923706055,45.310001373291016,707,RVHL,2025-09
2025-09-04 06:40:00+00:00,45.29999923706055,45.29999923706055,45.29999923706055,45.29999923706055,45.29999923706055,55,RVHL,2025-09
2025-09-04 06:55:00+00:00,45.400001525878906,45.400001525878906,45.400001525878906,45.400001525878906,45.400001525878906,74,RVHL,2025-09
2025-09-04 07:55:00+00:00,45.619998931884766,45.619998931884766,45.619998931884766,45.619998931884766,45.619998931884766,40,RVHL,2025-09
2025-09-04 08:45:00+00:00,45.77999877929688,45.77999877929688,45.77999877929688,45.77999877929688,45.77999877929688,25,RVHL,2025-09
2025-09-04 09:00:00+00:00,45.40999984741211,45.40999984741211,45.40999984741211,45.40999984741211,45.40999984741211,45,RVHL,2025-09
2025-09-04 09:15:00+00:00,45.72999954223633,45.72999954223633,45.7400016784668,45.72999954223633,45.7400016784668,107,RVHL,2025-09
2025-09-04 09:30:00+00:00,45.7400016784668,45.7400016784668,45.7400016784668,45.7400016784668,45.7400016784668,202,RVHL,2025-09
2025-09-04 09:50:00+00:00,45.0,45.0,45.43000030517578,44.220001220703125,45.43000030517578,4566,RVHL,2025-09
2025-09-04 09:55:00+00:00,45.11000061035156,45.11000061035156,45.970001220703125,45.11000061035156,45.970001220703125,0,RVHL,2025-09
2025-09-05 03:45:00+00:00,45.97999954223633,45.97999954223633,45.97999954223633,45.97999954223633,45.97999954223633,10,RVHL,2025-09
2025-09-05 03:50:00+00:00,45.790000915527344,45.790000915527344,45.790000915527344,45.790000915527344,45.790000915527344,186,RVHL,2025-09
2025-09-05 03:55:00+00:00,45.9900016784668,45.9900016784668,45.9900016784668,45.9900016784668,45.9900016784668,43,RVHL,2025-09
2025-09-05 04:00:00+00:00,46.0,46.0,46.02000045776367,45.630001068115234,45.630001068115234,356,RVHL,2025-09
2025-09-05 04:05:00+00:00,46.0099983215332,46.0099983215332,46.95000076293945,46.0,46.0,7445,RVHL,2025-09
2025-09-05 04:10:00+00:00,46.209999084472656,46.209999084472656,47.2400016784668,46.209999084472656,47.2400016784668,895,RVHL,2025-09
2025-09-05 04:15:00+00:00,46.220001220703125,46.220001220703125,46.220001220703125,46.220001220703125,46.220001220703125,300,RVHL,2025-09
2025-09-05 04:30:00+00:00,47.060001373291016,47.060001373291016,47.060001373291016,47.060001373291016,47.060001373291016,258,RVHL,2025-09
2025-09-05 04:35:00+00:00,50.04999923706055,50.04999923706055,50.04999923706055,47.20000076293945,47.20000076293945,5758,RVHL,2025-09
2025-09-05 04:40:00+00:00,49.9900016784668,49.9900016784668,51.0,49.95000076293945,51.0,5076,RVHL,2025-09
2025-09-05 04:45:00+00:00,49.09999847412109,49.09999847412109,49.93000030517578,49.02000045776367,49.40999984741211,1577,RVHL,2025-09
2025-09-05 04:50:00+00:00,49.0099983215332,49.0099983215332,49.0099983215332,49.0099983215332,49.0099983215332,507,RVHL,2025-09
2025-09-05 04:55:00+00:00,49.33000183105469,49.33000183105469,49.95000076293945,49.0099983215332,49.95000076293945,1918,RVHL,2025-09
2025-09-05 05:00:00+00:00,49.72999954223633,49.72999954223633,49.72999954223633,48.40999984741211,48.40999984741211,3524,RVHL,2025-09
2025-09-05 05:05:00+00:00,48.04999923706055,48.04999923706055,49.4900016784668,48.0099983215332,49.31999969482422,2427,RVHL,2025-09
2025-09-05 05:10:00+00:00,48.5099983215332,48.5099983215332,48.93000030517578,48.04999923706055,48.93000030517578,287,RVHL,2025-09
2025-09-05 05:15:00+00:00,48.130001068115234,48.130001068115234,48.5099983215332,47.5,48.5099983215332,1123,RVHL,2025-09
2025-09-05 05:20:00+00:00,47.959999084472656,47.959999084472656,48.09000015258789,47.959999084472656,48.09000015258789,15,RVHL,2025-09
2025-09-05 05:30:00+00:00,48.0099983215332,48.0099983215332,48.47999954223633,48.0099983215332,48.08000183105469,350,RVHL,2025-09
2025-09-05 05:35:00+00:00,48.0099983215332,48.0099983215332,48.52999877929688,48.0099983215332,48.52999877929688,142,RVHL,2025-09
2025-09-05 05:45:00+00:00,48.15999984741211,48.15999984741211,48.15999984741211,48.15999984741211,48.15999984741211,0,RVHL,2025-09
2025-09-05 05:55:00+00:00,48.0,48.0,48.0,48.0,48.0,157,RVHL,2025-09
2025-09-05 06:00:00+00:00,48.790000915527344,48.790000915527344,48.790000915527344,48.119998931884766,48.119998931884766,507,RVHL,2025-09
2025-09-05 06:05:00+00:00,48.869998931884766,48.869998931884766,48.93000030517578,48.869998931884766,48.900001525878906,486,RVHL,2025-09
2025-09-05 06:10:00+00:00,48.060001373291016,48.060001373291016,48.880001068115234,47.400001525878906,48.790000915527344,8033,RVHL,2025-09
2025-09-05 06:15:00+00:00,48.29999923706055,48.29999923706055,48.29999923706055,48.060001373291016,48.060001373291016,137,RVHL,2025-09
2025-09-05 06:20:00+00:00,48.40999984741211,48.40999984741211,48.59000015258789,48.40999984741211,48.59000015258789,38,RVHL,2025-09
2025-09-05 06:25:00+00:00,47.720001220703125,47.720001220703125,48.209999084472656,47.720001220703125,48.209999084472656,158,RVHL,2025-09
2025-09-05 06:30:00+00:00,47.79999923706055,47.79999923706055,47.79999923706055,47.79999923706055,47.79999923706055,289,RVHL,2025-09
2025-09-05 06:35:00+00:00,47.9900016784668,47.9900016784668,47.9900016784668,47.84999847412109,47.84999847412109,101,RVHL,2025-09
2025-09-05 06:45:00+00:00,47.9900016784668,47.9900016784668,47.9900016784668,47.810001373291016,47.810001373291016,1008,RVHL,2025-09
2025-09-05 06:50:00+00:00,47.84999847412109,47.84999847412109,47.84999847412109,47.84999847412109,47.84999847412109,43,RVHL,2025-09
2025-09-05 06:55:00+00:00,47.84999847412109,47.84999847412109,47.84999847412109,47.84999847412109,47.84999847412109,0,RVHL,2025-09
2025-09-05 07:05:00+00:00,47.93999862670898,47.93999862670898,47.93999862670898,47.93999862670898,47.93999862670898,590,RVHL,2025-09
2025-09-05 07:10:00+00:00,48.20000076293945,48.20000076293945,48.20000076293945,47.93999862670898,47.93999862670898,118,RVHL,2025-09
2025-09-05 07:15:00+00:00,47.79999923706055,47.79999923706055,47.79999923706055,47.630001068115234,47.630001068115234,110,RVHL,2025-09
2025-09-05 07:20:00+00:00,47.79999923706055,47.79999923706055,47.869998931884766,47.630001068115234,47.869998931884766,566,RVHL,2025-09
2025-09-05 07:25:00+00:00,47.880001068115234,47.880001068115234,47.9900016784668,47.880001068115234,47.9900016784668,632,RVHL,2025-09
2025-09-05 07:45:00+00:00,47.97999954223633,47.97999954223633,47.97999954223633,47.880001068115234,47.880001068115234,11,RVHL,2025-09
2025-09-05 08:00:00+00:00,47.90999984741211,47.90999984741211,47.90999984741211,47.90999984741211,47.90999984741211,9,RVHL,2025-09
2025-09-05 08:15:00+00:00,47.900001525878906,47.900001525878906,47.900001525878906,47.900001525878906,47.900001525878906,123,RVHL,2025-09
2025-09-05 08:20:00+00:00,47.84999847412109,47.84999847412109,47.84999847412109,47.84999847412109,47.84999847412109,156,RVHL,2025-09
2025-09-05 08:35:00+00:00,47.97999954223633,47.97999954223633,47.97999954223633,47.97999954223633,47.97999954223633,2,RVHL,2025-09
2025-09-05 08:45:00+00:00,47.790000915527344,47.790000915527344,47.95000076293945,47.02000045776367,47.77000045776367,4935,RVHL,2025-09
2025-09-05 08:55:00+00:00,47.900001525878906,47.900001525878906,47.900001525878906,46.91999816894531,46.91999816894531,161,RVHL,2025-09
2025-09-05 09:00:00+00:00,46.709999084472656,46.709999084472656,46.97999954223633,46.709999084472656,46.97999954223633,742,RVHL,2025-09
2025-09-05 09:10:00+00:00,47.060001373291016,47.060001373291016,47.34000015258789,47.060001373291016,47.34000015258789,41,RVHL,2025-09
2025-09-05 09:15:00+00:00,46.70000076293945,46.70000076293945,47.060001373291016,46.70000076293945,47.060001373291016,820,RVHL,2025-09
2025-09-05 09:20:00+00:00,46.70000076293945,46.70000076293945,46.70000076293945,46.70000076293945,46.70000076293945,0,RVHL,2025-09
2025-09-05 09:30:00+00:00,47.900001525878906,47.900001525878906,47.900001525878906,47.38999938964844,47.38999938964844,196,RVHL,2025-09
2025-09-05 09:35:00+00:00,47.0099983215332,47.0099983215332,48.0,47.0099983215332,48.0,1176,RVHL,2025-09
2025-09-05 09:45:00+00:00,47.0099983215332,47.0099983215332,47.0099983215332,46.79999923706055,46.79999923706055,0,RVHL,2025-09
2025-09-05 09:50:00+00:00,46.70000076293945,46.70000076293945,47.79999923706055,46.70000076293945,47.79999923706055,1369,RVHL,2025-09
2025-09-05 09:55:00+00:00,46.790000915527344,46.790000915527344,46.790000915527344,46.20000076293945,46.790000915527344,4233,RVHL,2025-09
2025-09-08 03:45:00+00:00,47.0,47.0,47.43999862670898,46.4900016784668,47.0,0,RVHL,2025-09
2025-09-08 03:50:00+00:00,46.70000076293945,46.70000076293945,46.70000076293945,46.119998931884766,46.119998931884766,27,RVHL,2025-09
2025-09-08 04:00:00+00:00,46.90999984741211,46.90999984741211,46.90999984741211,46.70000076293945,46.70000076293945,59,RVHL,2025-09
2025-09-08 04:10:00+00:00,47.09999847412109,47.09999847412109,47.59000015258789,46.810001373291016,47.380001068115234,1041,RVHL,2025-09
2025-09-08 04:15:00+00:00,47.09000015258789,47.09000015258789,47.09000015258789,47.0,47.06999969482422,0,RVHL,2025-09
2025-09-08 04:20:00+00:00,46.59000015258789,46.59000015258789,47.0,46.59000015258789,47.0,633,RVHL,2025-09
2025-09-08 04:25:00+00:00,46.66999816894531,46.66999816894531,46.66999816894531,46.66999816894531,46.66999816894531,8,RVHL,2025-09
2025-09-08 04:30:00+00:00,46.77999877929688,46.77999877929688,46.77999877929688,46.77999877929688,46.77999877929688,42,RVHL,2025-09
2025-09-08 04:40:00+00:00,46.11000061035156,46.11000061035156,46.45000076293945,46.09999847412109,46.45000076293945,401,RVHL,2025-09
2025-09-08 04:50:00+00:00,46.09999847412109,46.09999847412109,46.54999923706055,46.09999847412109,46.2400016784668,348,RVHL,2025-09
2025-09-08 04:55:00+00:00,46.5,46.5,46.5099983215332,46.5,46.5099983215332,35,RVHL,2025-09
2025-09-08 05:30:00+00:00,46.5099983215332,46.5099983215332,46.5099983215332,46.5099983215332,46.5099983215332,2,RVHL,2025-09
2025-09-08 05:35:00+00:00,46.59999847412109,46.59999847412109,46.59999847412109,46.59999847412109,46.59999847412109,23,RVHL,2025-09
2025-09-08 05:45:00+00:00,46.5,46.5,46.59999847412109,46.5,46.59999847412109,1280,RVHL,2025-09
2025-09-08 06:10:00+00:00,46.119998931884766,46.119998931884766,46.119998931884766,46.119998931884766,46.119998931884766,20,RVHL,2025-09
2025-09-08 06:55:00+00:00,46.790000915527344,46.790000915527344,46.790000915527344,46.13999938964844,46.13999938964844,210,RVHL,2025-09
2025-09-08 07:10:00+00:00,46.59999847412109,46.59999847412109,46.59999847412109,46.20000076293945,46.31999969482422,237,RVHL,2025-09
2025-09-08 07:15:00+00:00,46.5099983215332,46.5099983215332,46.70000076293945,46.130001068115234,46.59999847412109,840,RVHL,2025-09
2025-09-08 07:20:00+00:00,46.29999923706055,46.29999923706055,46.29999923706055,46.29999923706055,46.29999923706055,0,RVHL,2025-09
2025-09-08 07:25:00+00:00,46.45000076293945,46.45000076293945,46.45000076293945,46.45000076293945,46.45000076293945,17,RVHL,2025-09
2025-09-08 07:35:00+00:00,46.20000076293945,46.20000076293945,46.5,46.150001525878906,46.209999084472656,146,RVHL,2025-09
2025-09-08 08:15:00+00:00,46.20000076293945,46.20000076293945,46.20000076293945,46.20000076293945,46.20000076293945,34,RVHL,2025-09
2025-09-08 08:25:00+00:00,46.09999847412109,46.09999847412109,46.20000076293945,46.09999847412109,46.09999847412109,162,RVHL,2025-09
2025-09-08 08:30:00+00:00,46.150001525878906,46.150001525878906,46.150001525878906,46.150001525878906,46.150001525878906,0,RVHL,2025-09
2025-09-08 08:45:00+00:00,46.150001525878906,46.150001525878906,46.150001525878906,46.150001525878906,46.150001525878906,4,RVHL,2025-09
2025-09-08 09:00:00+00:00,45.790000915527344,45.790000915527344,46.06999969482422,45.790000915527344,46.06999969482422,23,RVHL,2025-09
2025-09-08 09:05:00+00:00,45.84000015258789,45.84000015258789,45.84000015258789,45.83000183105469,45.83000183105469,33,RVHL,2025-09
2025-09-08 09:20:00+00:00,45.790000915527344,45.790000915527344,45.790000915527344,45.790000915527344,45.790000915527344,0,RVHL,2025-09
2025-09-08 09:25:00+00:00,45.77999877929688,45.77999877929688,45.84000015258789,45.77999877929688,45.84000015258789,22,RVHL,2025-09
2025-09-08 09:30:00+00:00,45.400001525878906,45.400001525878906,45.650001525878906,45.400001525878906,45.650001525878906,127,RVHL,2025-09
2025-09-08 09:35:00+00:00,45.4900016784668,45.4900016784668,45.4900016784668,45.400001525878906,45.400001525878906,0,RVHL,2025-09
2025-09-08 09:45:00+00:00,45.5,45.5,45.5,45.4900016784668,45.4900016784668,613,RVHL,2025-09
2025-09-08 09:50:00+00:00,45.5,45.5,45.5,45.20000076293945,45.5,150,RVHL,2025-09
2025-09-08 09:55:00+00:00,45.619998931884766,45.619998931884766,45.619998931884766,45.25,45.5,0,RVHL,2025-09
2025-09-09 03:45:00+00:00,47.0,47.0,47.0,47.0,47.0,5,RVHL,2025-09
2025-09-09 03:55:00+00:00,46.970001220703125,46.970001220703125,46.970001220703125,46.970001220703125,46.970001220703125,2,RVHL,2025-09
2025-09-09 04:05:00+00:00,46.900001525878906,46.900001525878906,46.900001525878906,46.900001525878906,46.900001525878906,200,RVHL,2025-09
2025-09-09 04:25:00+00:00,46.77000045776367,46.77000045776367,46.77000045776367,46.77000045776367,46.77000045776367,1,RVHL,2025-09
2025-09-09 04:40:00+00:00,49.0,49.0,49.0,47.0,47.0,9184,RVHL,2025-09
2025-09-09 04:45:00+00:00,47.5,47.5,47.5,45.400001525878906,47.0099983215332,595,RVHL,2025-09
2025-09-09 04:50:00+00:00,47.4900016784668,47.4900016784668,47.5,47.4900016784668,47.5,9,RVHL,2025-09
2025-09-09 04:55:00+00:00,48.470001220703125,48.470001220703125,48.5,48.470001220703125,48.5,157,RVHL,2025-09
2025-09-09 05:00:00+00:00,50.9900016784668,50.9900016784668,50.9900016784668,48.0,49.2599983215332,16501,RVHL,2025-09
2025-09-09 05:05:00+00:00,49.15999984741211,49.15999984741211,50.97999954223633,49.15999984741211,50.13999938964844,4513,RVHL,2025-09
2025-09-09 05:10:00+00:00,54.7400016784668,54.7400016784668,54.7400016784668,49.220001220703125,50.970001220703125,50391,RVHL,2025-09
2025-09-09 05:15:00+00:00,54.7400016784668,54.7400016784668,54.7400016784668,53.0,54.7400016784668,31495,RVHL,2025-09
2025-09-09 05:20:00+00:00,53.5,53.5,54.7400016784668,53.5,54.7400016784668,3630,RVHL,2025-09
2025-09-09 05:25:00+00:00,53.790000915527344,53.790000915527344,53.880001068115234,53.400001525878906,53.5,1287,RVHL,2025-09
2025-09-09 05:30:00+00:00,52.79999923706055,52.79999923706055,53.77999877929688,52.7400016784668,53.68999862670898,4605,RVHL,2025-09
2025-09-09 05:35:00+00:00,53.630001068115234,53.630001068115234,54.70000076293945,52.75,53.119998931884766,17771,RVHL,2025-09
2025-09-09 05:40:00+00:00,53.0,53.0,53.59999847412109,53.0,53.59999847412109,4468,RVHL,2025-09
2025-09-09 05:45:00+00:00,53.27999877929688,53.27999877929688,53.470001220703125,53.27000045776367,53.470001220703125,640,RVHL,2025-09
2025-09-09 05:50:00+00:00,53.20000076293945,53.20000076293945,53.790000915527344,51.61000061035156,53.43999862670898,11123,RVHL,2025-09
2025-09-09 05:55:00+00:00,53.06999969482422,53.06999969482422,53.619998931884766,52.5,53.130001068115234,0,RVHL,2025-09
2025-09-09 06:00:00+00:00,53.25,53.25,53.619998931884766,53.060001373291016,53.060001373291016,3336,RVHL,2025-09
2025-09-09 06:05:00+00:00,53.16999816894531,53.16999816894531,53.70000076293945,53.02000045776367,53.400001525878906,6986,RVHL,2025-09
2025-09-09 06:10:00+00:00,53.20000076293945,53.20000076293945,53.54999923706055,52.7599983215332,53.5,3068,RVHL,2025-09
2025-09-09 06:15:00+00:00,53.0,53.0,53.43999862670898,52.810001373291016,52.810001373291016,1243,RVHL,2025-09
2025-09-09 06:20:00+00:00,53.18999862670898,53.18999862670898,53.2400016784668,52.5099983215332,52.91999816894531,615,RVHL,2025-09
2025-09-09 06:25:00+00:00,52.9900016784668,52.9900016784668,53.369998931884766,52.70000076293945,53.0099983215332,947,RVHL,2025-09
2025-09-09 06:30:00+00:00,52.09999847412109,52.09999847412109,52.9900016784668,52.060001373291016,52.9900016784668,3477,RVHL,2025-09
2025-09-09 06:35:00+00:00,52.0099983215332,52.0099983215332,52.34000015258789,52.0099983215332,52.34000015258789,4028,RVHL,2025-09
2025-09-09 06:40:00+00:00,51.56999969482422,51.56999969482422,52.220001220703125,51.56999969482422,52.220001220703125,1668,RVHL,2025-09
2025-09-09 06:45:00+00:00,52.0,52.0,52.43999862670898,51.2599983215332,51.52999877929688,5047,RVHL,2025-09
2025-09-09 06:50:00+00:00,52.970001220703125,52.970001220703125,53.0,51.75,52.43000030517578,3282,RVHL,2025-09
2025-09-09 06:55:00+00:00,52.130001068115234,52.130001068115234,52.91999816894531,52.02000045776367,52.91999816894531,2181,RVHL,2025-09
2025-09-09 07:00:00+00:00,52.560001373291016,52.560001373291016,52.97999954223633,52.11000061035156,52.130001068115234,2107,RVHL,2025-09
2025-09-09 07:05:00+00:00,52.400001525878906,52.400001525878906,53.0,52.400001525878906,52.56999969482422,4224,RVHL,2025-09
2025-09-09 07:10:00+00:00,52.09999847412109,52.09999847412109,52.470001220703125,51.75,52.09999847412109,6630,RVHL,2025-09
2025-09-09 07:15:00+00:00,52.0,52.0,52.33000183105469,52.0,52.09999847412109,31,RVHL,2025-09
2025-09-09 07:20:00+00:00,52.04999923706055,52.04999923706055,52.34000015258789,51.79999923706055,52.34000015258789,1932,RVHL,2025-09
2025-09-09 07:25:00+00:00,52.33000183105469,52.33000183105469,52.41999816894531,51.84999847412109,52.11000061035156,1129,RVHL,2025-09
2025-09-09 07:30:00+00:00,52.0,52.0,52.34999847412109,52.0,52.33000183105469,3136,RVHL,2025-09
2025-09-09 07:35:00+00:00,51.650001525878906,51.650001525878906,51.9900016784668,51.619998931884766,51.619998931884766,833,RVHL,2025-09
2025-09-09 07:40:00+00:00,51.9900016784668,51.9900016784668,52.20000076293945,51.66999816894531,51.79999923706055,1395,RVHL,2025-09
2025-09-09 07:45:00+00:00,52.2400016784668,52.2400016784668,52.290000915527344,51.84000015258789,51.97999954223633,2744,RVHL,2025-09
2025-09-09 07:50:00+00:00,52.0,52.0,52.2400016784668,51.7599983215332,52.2400016784668,1281,RVHL,2025-09
2025-09-09 07:55:00+00:00,51.79999923706055,51.79999923706055,51.9900016784668,51.70000076293945,51.70000076293945,788,RVHL,2025-09
2025-09-09 08:00:00+00:00,51.79999923706055,51.79999923706055,51.970001220703125,51.41999816894531,51.95000076293945,2998,RVHL,2025-09
2025-09-09 08:05:00+00:00,51.54999923706055,51.54999923706055,51.9900016784668,51.43999862670898,51.7599983215332,1620,RVHL,2025-09
2025-09-09 08:10:00+00:00,51.459999084472656,51.459999084472656,51.91999816894531,51.41999816894531,51.54999923706055,3276,RVHL,2025-09
2025-09-09 08:15:00+00:00,51.59999847412109,51.59999847412109,51.84000015258789,51.54999923706055,51.79999923706055,546,RVHL,2025-09
2025-09-09 08:20:00+00:00,51.54999923706055,51.54999923706055,51.66999816894531,51.400001525878906,51.400001525878906,1055,RVHL,2025-09
2025-09-09 08:25:00+00:00,51.29999923706055,51.29999923706055,51.97999954223633,51.290000915527344,51.59999847412109,5508,RVHL,2025-09
2025-09-09 08:30:00+00:00,51.68999862670898,51.68999862670898,51.77999877929688,51.29999923706055,51.77999877929688,507,RVHL,2025-09
2025-09-09 08:35:00+00:00,51.31999969482422,51.31999969482422,51.68999862670898,51.290000915527344,51.54999923706055,602,RVHL,2025-09
2025-09-09 08:40:00+00:00,51.5,51.5,51.63999938964844,51.5,51.63999938964844,156,RVHL,2025-09
2025-09-09 08:45:00+00:00,51.77999877929688,51.77999877929688,51.77999877929688,51.34000015258789,51.5,1676,RVHL,2025-09
2025-09-09 08:50:00+00:00,51.41999816894531,51.41999816894531,51.77000045776367,51.41999816894531,51.77000045776367,1743,RVHL,2025-09
2025-09-09 08:55:00+00:00,51.5099983215332,51.5099983215332,51.84000015258789,51.43000030517578,51.43000030517578,944,RVHL,2025-09
2025-09-09 09:00:00+00:00,51.650001525878906,51.650001525878906,51.79999923706055,51.650001525878906,51.75,613,RVHL,2025-09
2025-09-09 09:05:00+00:00,50.84000015258789,50.84000015258789,51.869998931884766,50.5,51.790000915527344,5975,RVHL,2025-09
2025-09-09 09:10:00+00:00,50.54999923706055,50.54999923706055,50.95000076293945,50.2599983215332,50.2599983215332,2387,RVHL,2025-09
2025-09-09 09:15:00+00:00,50.790000915527344,50.790000915527344,50.97999954223633,50.400001525878906,50.97999954223633,1937,RVHL,2025-09
2025-09-09 09:20:00+00:00,50.52000045776367,50.52000045776367,50.790000915527344,50.5,50.5,1213,RVHL,2025-09
2025-09-09 09:25:00+00:00,50.790000915527344,50.790000915527344,51.0,50.5,50.5,1405,RVHL,2025-09
2025-09-09 09:30:00+00:00,50.9900016784668,50.9900016784668,51.0,50.5099983215332,51.0,2203,RVHL,2025-09
2025-09-09 09:35:00+00:00,50.709999084472656,50.709999084472656,50.97999954223633,50.52000045776367,50.97999954223633,0,RVHL,2025-09
2025-09-09 09:40:00+00:00,50.52000045776367,50.52000045776367,51.29999923706055,50.5099983215332,50.709999084472656,8185,RVHL,2025-09
2025-09-09 09:45:00+00:00,50.5099983215332,50.5099983215332,51.0,50.5,50.709999084472656,10171,RVHL,2025-09
2025-09-09 09:50:00+00:00,50.97999954223633,50.97999954223633,50.97999954223633,50.52000045776367,50.95000076293945,1588,RVHL,2025-09
2025-09-09 09:55:00+00:00,50.77999877929688,50.77999877929688,50.84999847412109,50.5099983215332,50.5099983215332,0,RVHL,2025-09
2025-09-10 03:45:00+00:00,50.79999923706055,50.79999923706055,51.0,50.52000045776367,50.52000045776367,2562,RVHL,2025-09
2025-09-10 03:50:00+00:00,50.900001525878906,50.900001525878906,51.0,50.0,50.59000015258789,4323,RVHL,2025-09
2025-09-10 03:55:00+00:00,51.0,51.0,51.0,50.34999847412109,50.93000030517578,3520,RVHL,2025-09
2025-09-10 04:00:00+00:00,50.619998931884766,50.619998931884766,50.900001525878906,50.5,50.900001525878906,1837,RVHL,2025-09
2025-09-10 04:05:00+00:00,50.720001220703125,50.720001220703125,50.720001220703125,50.25,50.65999984741211,1144,RVHL,2025-09
2025-09-10 04:10:00+00:00,50.650001525878906,50.650001525878906,50.650001525878906,50.220001220703125,50.220001220703125,0,RVHL,2025-09
2025-09-10 04:15:00+00:00,50.59999847412109,50.59999847412109,50.650001525878906,50.59999847412109,50.650001525878906,2,RVHL,2025-09
2025-09-10 04:20:00+00:00,50.75,50.75,50.75,50.70000076293945,50.75,5,RVHL,2025-09
2025-09-10 04:25:00+00:00,50.9900016784668,50.9900016784668,51.0,50.59999847412109,50.70000076293945,4516,RVHL,2025-09
2025-09-10 04:30:00+00:00,51.0,51.0,51.0,50.70000076293945,50.79999923706055,3030,RVHL,2025-09
2025-09-10 04:35:00+00:00,50.65999984741211,50.65999984741211,51.0,50.65999984741211,51.0,3,RVHL,2025-09
2025-09-10 04:45:00+00:00,50.59999847412109,50.59999847412109,50.650001525878906,50.59999847412109,50.650001525878906,975,RVHL,2025-09
2025-09-10 04:50:00+00:00,49.52000045776367,49.52000045776367,50.59999847412109,49.09999847412109,50.59999847412109,1963,RVHL,2025-09
2025-09-10 04:55:00+00:00,49.56999969482422,49.56999969482422,50.09999847412109,49.56999969482422,50.02000045776367,0,RVHL,2025-09
2025-09-10 05:00:00+00:00,50.09000015258789,50.09000015258789,50.09000015258789,49.56999969482422,50.04999923706055,219,RVHL,2025-09
2025-09-10 05:05:00+00:00,49.52000045776367,49.52000045776367,49.58000183105469,49.52000045776367,49.58000183105469,393,RVHL,2025-09
2025-09-10 05:10:00+00:00,49.540000915527344,49.540000915527344,49.540000915527344,49.540000915527344,49.540000915527344,68,RVHL,2025-09
2025-09-10 05:15:00+00:00,49.52000045776367,49.52000045776367,49.52000045776367,49.52000045776367,49.52000045776367,23,RVHL,2025-09
2025-09-10 05:20:00+00:00,49.70000076293945,49.70000076293945,49.70000076293945,49.70000076293945,49.70000076293945,0,RVHL,2025-09
2025-09-10 05:30:00+00:00,49.95000076293945,49.95000076293945,49.95000076293945,49.95000076293945,49.95000076293945,2,RVHL,2025-09
2025-09-10 05:35:00+00:00,49.84999847412109,49.84999847412109,49.84999847412109,49.61000061035156,49.61000061035156,602,RVHL,2025-09
2025-09-10 05:40:00+00:00,50.0,50.0,50.0,50.0,50.0,0,RVHL,2025-09
2025-09-10 05:45:00+00:00,50.0,50.0,50.0,50.0,50.0,15,RVHL,2025-09
2025-09-10 05:50:00+00:00,49.84999847412109,49.84999847412109,49.84999847412109,49.84999847412109,49.84999847412109,0,RVHL,2025-09
2025-09-10 06:00:00+00:00,49.59999847412109,49.59999847412109,49.61000061035156,49.59999847412109,49.61000061035156,76,RVHL,2025-09
2025-09-10 06:05:00+00:00,49.5,49.5,49.5,49.5,49.5,1,RVHL,2025-09
2025-09-10 06:15:00+00:00,50.65999984741211,50.65999984741211,50.65999984741211,50.65999984741211,50.65999984741211,200,RVHL,2025-09
2025-09-10 06:25:00+00:00,49.75,49.75,49.75,49.5,49.5,20,RVHL,2025-09
2025-09-10 06:30:00+00:00,49.72999954223633,49.72999954223633,49.72999954223633,49.72999954223633,49.72999954223633,63,RVHL,2025-09
2025-09-10 06:35:00+00:00,49.75,49.75,49.75,49.7400016784668,49.7400016784668,0,RVHL,2025-09
2025-09-10 06:45:00+00:00,49.75,49.75,49.75,49.75,49.75,5,RVHL,2025-09
2025-09-10 06:50:00+00:00,49.75,49.75,49.75,49.5099983215332,49.5099983215332,99,RVHL,2025-09
2025-09-10 07:20:00+00:00,50.0,50.0,50.0,49.75,49.75,1152,RVHL,2025-09
2025-09-10 07:30:00+00:00,50.61000061035156,50.61000061035156,50.61000061035156,50.0,50.0,4774,RVHL,2025-09
2025-09-10 07:35:00+00:00,50.61000061035156,50.61000061035156,50.61000061035156,50.61000061035156,50.61000061035156,2,RVHL,2025-09
2025-09-10 07:40:00+00:00,50.25,50.25,50.25,50.25,50.25,2,RVHL,2025-09
2025-09-10 08:05:00+00:00,50.2400016784668,50.2400016784668,50.2400016784668,50.2400016784668,50.2400016784668,50,RVHL,2025-09
2025-09-10 08:20:00+00:00,50.0,50.0,50.0,50.0,50.0,117,RVHL,2025-09
2025-09-10 08:35:00+00:00,49.7599983215332,49.7599983215332,49.7599983215332,49.7599983215332,49.7599983215332,183,RVHL,2025-09
2025-09-10 09:00:00+00:00,50.0,50.0,50.0,49.75,49.77000045776367,823,RVHL,2025-09
2025-09-10 09:05:00+00:00,50.0,50.0,50.0,50.0,50.0,100,RVHL,2025-09
2025-09-10 09:10:00+00:00,50.0,50.0,50.0,50.0,50.0,0,RVHL,2025-09
2025-09-10 09:15:00+00:00,50.09999847412109,50.09999847412109,50.09999847412109,50.09999847412109,50.09999847412109,42,RVHL,2025-09
2025-09-10 09:25:00+00:00,50.0,50.0,50.0,50.0,50.0,200,RVHL,2025-09
2025-09-10 09:30:00+00:00,50.0,50.0,50.0,50.0,50.0,0,RVHL,2025-09
2025-09-10 09:35:00+00:00,50.0,50.0,50.290000915527344,50.0,50.290000915527344,29,RVHL,2025-09
2025-09-10 09:40:00+00:00,50.0,50.0,50.290000915527344,50.0,50.290000915527344,130,RVHL,2025-09
2025-09-10 09:45:00+00:00,50.0099983215332,50.0099983215332,50.29999923706055,50.0,50.290000915527344,569,RVHL,2025-09
2025-09-10 09:50:00+00:00,50.0099983215332,50.0099983215332,50.0099983215332,50.0099983215332,50.0099983215332,0,RVHL,2025-09
2025-09-10 09:55:00+00:00,50.560001373291016,50.560001373291016,50.560001373291016,50.0,50.0,3141,RVHL,2025-09
2025-09-11 03:45:00+00:00,50.47999954223633,50.47999954223633,50.93999862670898,50.47999954223633,50.93999862670898,630,RVHL,2025-09
2025-09-11 03:50:00+00:00,50.95000076293945,50.95000076293945,50.95000076293945,49.04999923706055,50.08000183105469,1332,RVHL,2025-09
2025-09-11 03:55:00+00:00,50.75,50.75,50.75,50.75,50.75,65,RVHL,2025-09
2025-09-11 04:05:00+00:00,49.61000061035156,49.61000061035156,49.61000061035156,49.61000061035156,49.61000061035156,52,RVHL,2025-09
2025-09-11 04:10:00+00:00,50.09999847412109,50.09999847412109,50.09999847412109,49.86000061035156,49.86000061035156,194,RVHL,2025-09
2025-09-11 04:20:00+00:00,50.04999923706055,50.04999923706055,50.630001068115234,49.79999923706055,50.15999984741211,1328,RVHL,2025-09
2025-09-11 04:25:00+00:00,50.20000076293945,50.20000076293945,50.20000076293945,49.68999862670898,49.900001525878906,25,RVHL,2025-09
2025-09-11 04:30:00+00:00,49.25,49.25,49.9900016784668,48.33000183105469,49.0099983215332,6383,RVHL,2025-09
2025-09-11 04:35:00+00:00,49.06999969482422,49.06999969482422,49.560001373291016,49.06999969482422,49.4900016784668,78,RVHL,2025-09
2025-09-11 04:40:00+00:00,49.13999938964844,49.13999938964844,49.13999938964844,49.13999938964844,49.13999938964844,1,RVHL,2025-09
2025-09-11 04:50:00+00:00,50.0,50.0,50.02000045776367,48.630001068115234,48.63999938964844,4269,RVHL,2025-09
2025-09-11 04:55:00+00:00,50.29999923706055,50.29999923706055,50.29999923706055,50.0,50.0,727,RVHL,2025-09
2025-09-11 05:00:00+00:00,50.18999862670898,50.18999862670898,50.5,50.18999862670898,50.5,18,RVHL,2025-09
2025-09-11 05:05:00+00:00,50.18999862670898,50.18999862670898,50.47999954223633,50.0,50.18999862670898,580,RVHL,2025-09
2025-09-11 05:10:00+00:00,50.38999938964844,50.38999938964844,50.40999984741211,50.18999862670898,50.18999862670898,50,RVHL,2025-09
2025-09-11 05:15:00+00:00,50.209999084472656,50.209999084472656,50.40999984741211,50.18999862670898,50.18999862670898,12,RVHL,2025-09
2025-09-11 05:20:00+00:00,50.900001525878906,50.900001525878906,50.93999862670898,50.4900016784668,50.5,671,RVHL,2025-09
2025-09-11 05:25:00+00:00,50.45000076293945,50.45000076293945,50.93000030517578,50.45000076293945,50.84999847412109,172,RVHL,2025-09
2025-09-11 05:30:00+00:00,50.40999984741211,50.40999984741211,50.70000076293945,50.40999984741211,50.63999938964844,166,RVHL,2025-09
2025-09-11 05:50:00+00:00,50.290000915527344,50.290000915527344,50.290000915527344,50.290000915527344,50.290000915527344,10,RVHL,2025-09
2025-09-11 05:55:00+00:00,50.75,50.75,51.13999938964844,50.75,50.83000183105469,533,RVHL,2025-09
2025-09-11 06:00:00+00:00,52.0,52.0,52.43000030517578,50.5099983215332,51.47999954223633,5614,RVHL,2025-09
2025-09-11 06:05:00+00:00,51.41999816894531,51.41999816894531,52.43999862670898,51.41999816894531,52.0,653,RVHL,2025-09
2025-09-11 06:10:00+00:00,52.0,52.0,52.43000030517578,51.560001373291016,52.43000030517578,1907,RVHL,2025-09
2025-09-11 06:15:00+00:00,51.90999984741211,51.90999984741211,51.90999984741211,51.83000183105469,51.83000183105469,0,RVHL,2025-09
2025-09-11 06:20:00+00:00,52.5,52.5,52.68000030517578,51.560001373291016,51.560001373291016,2477,RVHL,2025-09
2025-09-11 06:25:00+00:00,52.5,52.5,52.709999084472656,52.5,52.5,600,RVHL,2025-09
2025-09-11 06:30:00+00:00,55.709999084472656,55.709999084472656,56.79999923706055,54.04999923706055,55.0,16708,RVHL,2025-09
2025-09-11 06:35:00+00:00,55.5,55.5,56.79999923706055,54.5099983215332,55.70000076293945,5030,RVHL,2025-09
2025-09-11 06:40:00+00:00,53.86000061035156,53.86000061035156,55.880001068115234,53.79999923706055,55.880001068115234,1771,RVHL,2025-09
2025-09-11 06:45:00+00:00,54.61000061035156,54.61000061035156,55.09000015258789,53.81999969482422,53.84999847412109,1515,RVHL,2025-09
2025-09-11 06:50:00+00:00,54.4900016784668,54.4900016784668,54.77999877929688,54.0099983215332,54.220001220703125,3509,RVHL,2025-09
2025-09-11 06:55:00+00:00,54.0,54.0,54.47999954223633,54.0,54.0,327,RVHL,2025-09
2025-09-11 07:00:00+00:00,53.400001525878906,53.400001525878906,54.68000030517578,53.400001525878906,54.68000030517578,3497,RVHL,2025-09
2025-09-11 07:05:00+00:00,53.9900016784668,53.9900016784668,54.25,53.40999984741211,53.40999984741211,0,RVHL,2025-09
2025-09-11 07:10:00+00:00,54.43000030517578,54.43000030517578,54.43000030517578,53.59999847412109,54.09999847412109,561,RVHL,2025-09
2025-09-11 07:15:00+00:00,53.40999984741211,53.40999984741211,54.36000061035156,53.400001525878906,53.400001525878906,376,RVHL,2025-09
2025-09-11 07:20:00+00:00,53.40999984741211,53.40999984741211,54.43000030517578,53.40999984741211,53.650001525878906,858,RVHL,2025-09
2025-09-11 07:25:00+00:00,53.0,53.0,53.7599983215332,52.5,53.72999954223633,650,RVHL,2025-09
2025-09-11 07:30:00+00:00,53.34000015258789,53.34000015258789,53.34000015258789,53.34000015258789,53.34000015258789,9,RVHL,2025-09
2025-09-11 07:35:00+00:00,52.9900016784668,52.9900016784668,53.84999847412109,52.5,53.34000015258789,2228,RVHL,2025-09
2025-09-11 07:40:00+00:00,53.0,53.0,53.0,52.52999877929688,52.900001525878906,592,RVHL,2025-09
2025-09-11 07:45:00+00:00,52.970001220703125,52.970001220703125,52.97999954223633,52.5,52.54999923706055,1878,RVHL,2025-09
2025-09-11 07:50:00+00:00,52.91999816894531,52.91999816894531,52.93000030517578,52.5,52.93000030517578,797,RVHL,2025-09
2025-09-11 08:05:00+00:00,52.7599983215332,52.7599983215332,52.869998931884766,52.5,52.869998931884766,344,RVHL,2025-09
2025-09-11 08:10:00+00:00,52.5,52.5,52.7599983215332,52.5,52.7599983215332,84,RVHL,2025-09
2025-09-11 08:15:00+00:00,54.0,54.0,54.0,52.75,52.75,3901,RVHL,2025-09
2025-09-11 08:20:00+00:00,53.31999969482422,53.31999969482422,53.9900016784668,53.31999969482422,53.47999954223633,135,RVHL,2025-09
2025-09-11 08:25:00+00:00,53.31999969482422,53.31999969482422,53.97999954223633,53.31999969482422,53.97999954223633,27,RVHL,2025-09
2025-09-11 08:30:00+00:00,53.540000915527344,53.540000915527344,54.0,53.45000076293945,53.45000076293945,1058,RVHL,2025-09
2025-09-11 08:35:00+00:00,53.34999847412109,53.34999847412109,53.95000076293945,53.33000183105469,53.560001373291016,107,RVHL,2025-09
2025-09-11 08:40:00+00:00,53.310001373291016,53.310001373291016,53.45000076293945,53.040000915527344,53.36000061035156,46,RVHL,2025-09
2025-09-11 08:45:00+00:00,53.290000915527344,53.290000915527344,53.29999923706055,53.25,53.25,108,RVHL,2025-09
2025-09-11 08:50:00+00:00,53.369998931884766,53.369998931884766,53.369998931884766,53.119998931884766,53.27000045776367,201,RVHL,2025-09
2025-09-11 08:55:00+00:00,53.43999862670898,53.43999862670898,53.43999862670898,53.43999862670898,53.43999862670898,49,RVHL,2025-09
2025-09-11 09:05:00+00:00,53.380001068115234,53.380001068115234,53.43999862670898,53.380001068115234,53.43999862670898,0,RVHL,2025-09
2025-09-11 09:10:00+00:00,52.52000045776367,52.52000045776367,53.119998931884766,52.52000045776367,53.119998931884766,573,RVHL,2025-09
2025-09-11 09:15:00+00:00,52.5,52.5,53.119998931884766,52.5,53.119998931884766,1129,RVHL,2025-09
2025-09-11 09:20:00+00:00,52.5099983215332,52.5099983215332,52.5099983215332,52.5,52.5,1318,RVHL,2025-09
2025-09-11 09:25:00+00:00,53.41999816894531,53.41999816894531,53.47999954223633,52.09999847412109,52.09999847412109,2124,RVHL,2025-09
2025-09-11 09:30:00+00:00,52.59999847412109,52.59999847412109,53.40999984741211,52.59999847412109,53.40999984741211,144,RVHL,2025-09
2025-09-11 09:35:00+00:00,52.970001220703125,52.970001220703125,53.38999938964844,51.75,52.52000045776367,1371,RVHL,2025-09
2025-09-11 09:40:00+00:00,52.4900016784668,52.4900016784668,53.18999862670898,51.0,52.959999084472656,5988,RVHL,2025-09
2025-09-11 09:45:00+00:00,51.650001525878906,51.650001525878906,52.4900016784668,51.650001525878906,52.4900016784668,281,RVHL,2025-09
2025-09-11 09:50:00+00:00,52.0099983215332,52.0099983215332,52.5,51.810001373291016,51.810001373291016,519,RVHL,2025-09
2025-09-11 09:55:00+00:00,52.08000183105469,52.08000183105469,52.84999847412109,52.08000183105469,52.47999954223633,0,RVHL,2025-09
2025-09-12 03:45:00+00:00,54.75,54.75,54.77999877929688,51.650001525878906,51.650001525878906,3628,RVHL,2025-09
2025-09-12 03:50:00+00:00,52.310001373291016,52.310001373291016,54.31999969482422,52.310001373291016,53.84999847412109,2287,RVHL,2025-09
2025-09-12 03:55:00+00:00,52.72999954223633,52.72999954223633,52.72999954223633,52.45000076293945,52.619998931884766,238,RVHL,2025-09
2025-09-12 04:00:00+00:00,54.36000061035156,54.36000061035156,54.5,52.900001525878906,52.90999984741211,1134,RVHL,2025-09
2025-09-12 04:05:00+00:00,54.09000015258789,54.09000015258789,54.09000015258789,52.0,52.720001220703125,814,RVHL,2025-09
2025-09-12 04:10:00+00:00,54.09000015258789,54.09000015258789,54.09000015258789,54.06999969482422,54.06999969482422,1369,RVHL,2025-09
2025-09-12 04:15:00+00:00,53.720001220703125,53.720001220703125,54.0,53.720001220703125,54.0,0,RVHL,2025-09
2025-09-12 04:20:00+00:00,53.59999847412109,53.59999847412109,53.97999954223633,53.310001373291016,53.97999954223633,1171,RVHL,2025-09
2025-09-12 04:25:00+00:00,54.68999862670898,54.68999862670898,54.68999862670898,53.5,53.59999847412109,2299,RVHL,2025-09
2025-09-12 04:30:00+00:00,54.47999954223633,54.47999954223633,54.47999954223633,53.31999969482422,53.63999938964844,564,RVHL,2025-09
2025-09-12 04:35:00+00:00,54.5,54.5,54.5,54.0,54.47999954223633,3037,RVHL,2025-09
2025-09-12 04:40:00+00:00,53.869998931884766,53.869998931884766,54.4900016784668,53.5,54.4900016784668,0,RVHL,2025-09
2025-09-12 04:45:00+00:00,53.540000915527344,53.540000915527344,53.540000915527344,53.5,53.5,31,RVHL,2025-09
2025-09-12 04:50:00+00:00,53.70000076293945,53.70000076293945,53.95000076293945,53.70000076293945,53.95000076293945,0,RVHL,2025-09
2025-09-12 04:55:00+00:00,53.41999816894531,53.41999816894531,53.54999923706055,53.0,53.0,287,RVHL,2025-09
2025-09-12 05:00:00+00:00,53.5,53.5,53.59999847412109,53.31999969482422,53.56999969482422,19,RVHL,2025-09
2025-09-12 05:05:00+00:00,53.0,53.0,53.34999847412109,53.0,53.34999847412109,1103,RVHL,2025-09
2025-09-12 05:10:00+00:00,53.0,53.0,53.0,53.0,53.0,61,RVHL,2025-09
2025-09-12 05:15:00+00:00,52.959999084472656,52.959999084472656,52.959999084472656,52.959999084472656,52.959999084472656,96,RVHL,2025-09
2025-09-12 05:20:00+00:00,52.959999084472656,52.959999084472656,52.959999084472656,52.959999084472656,52.959999084472656,0,RVHL,2025-09
2025-09-12 05:25:00+00:00,52.68999862670898,52.68999862670898,52.68999862670898,52.68999862670898,52.68999862670898,42,RVHL,2025-09
2025-09-12 05:35:00+00:00,52.119998931884766,52.119998931884766,52.68999862670898,52.119998931884766,52.68999862670898,123,RVHL,2025-09
2025-09-12 05:40:00+00:00,52.27999877929688,52.27999877929688,52.27999877929688,52.27999877929688,52.27999877929688,0,RVHL,2025-09
2025-09-12 05:55:00+00:00,52.68999862670898,52.68999862670898,52.68999862670898,52.68000030517578,52.68000030517578,53,RVHL,2025-09
2025-09-12 06:00:00+00:00,52.66999816894531,52.66999816894531,52.70000076293945,52.66999816894531,52.70000076293945,2,RVHL,2025-09
2025-09-12 06:15:00+00:00,53.02999877929688,53.02999877929688,53.380001068115234,53.02999877929688,53.380001068115234,12,RVHL,2025-09
2025-09-12 06:25:00+00:00,53.0,53.0,53.02999877929688,53.0,53.02999877929688,1000,RVHL,2025-09
2025-09-12 06:30:00+00:00,52.70000076293945,52.70000076293945,52.9900016784668,52.70000076293945,52.9900016784668,26,RVHL,2025-09
2025-09-12 06:40:00+00:00,52.95000076293945,52.95000076293945,52.95000076293945,52.95000076293945,52.95000076293945,2,RVHL,2025-09
2025-09-12 06:50:00+00:00,52.91999816894531,52.91999816894531,52.91999816894531,52.91999816894531,52.91999816894531,2,RVHL,2025-09
2025-09-12 06:55:00+00:00,52.93000030517578,52.93000030517578,52.93000030517578,52.93000030517578,52.93000030517578,1,RVHL,2025-09
2025-09-12 07:00:00+00:00,52.720001220703125,52.720001220703125,52.720001220703125,52.720001220703125,52.720001220703125,0,RVHL,2025-09
2025-09-12 07:15:00+00:00,52.72999954223633,52.72999954223633,52.72999954223633,52.72999954223633,52.72999954223633,45,RVHL,2025-09
2025-09-12 07:20:00+00:00,52.93999862670898,52.93999862670898,52.93999862670898,52.93999862670898,52.93999862670898,1,RVHL,2025-09
2025-09-12 07:40:00+00:00,52.72999954223633,52.72999954223633,52.7400016784668,52.72999954223633,52.7400016784668,13,RVHL,2025-09
2025-09-12 07:45:00+00:00,52.75,52.75,52.75,52.75,52.75,0,RVHL,2025-09
2025-09-12 07:50:00+00:00,52.630001068115234,52.630001068115234,52.630001068115234,52.630001068115234,52.630001068115234,69,RVHL,2025-09
2025-09-12 07:55:00+00:00,52.5,52.5,52.630001068115234,52.5,52.630001068115234,762,RVHL,2025-09
2025-09-12 08:00:00+00:00,52.56999969482422,52.56999969482422,52.59999847412109,52.56999969482422,52.59999847412109,0,RVHL,2025-09
2025-09-12 08:05:00+00:00,52.56999969482422,52.56999969482422,52.56999969482422,52.56999969482422,52.56999969482422,114,RVHL,2025-09
2025-09-12 08:20:00+00:00,52.93999862670898,52.93999862670898,52.93999862670898,52.790000915527344,52.790000915527344,18,RVHL,2025-09
2025-09-12 08:25:00+00:00,52.790000915527344,52.790000915527344,54.0,52.790000915527344,53.0,5118,RVHL,2025-09
2025-09-12 08:30:00+00:00,53.9900016784668,53.9900016784668,53.9900016784668,53.9900016784668,53.9900016784668,576,RVHL,2025-09
2025-09-12 08:35:00+00:00,54.0,54.0,54.0,54.0,54.0,0,RVHL,2025-09
2025-09-12 08:40:00+00:00,53.119998931884766,53.119998931884766,53.119998931884766,53.119998931884766,53.119998931884766,128,RVHL,2025-09
2025-09-12 08:45:00+00:00,53.38999938964844,53.38999938964844,53.38999938964844,53.38999938964844,53.38999938964844,0,RVHL,2025-09
2025-09-12 08:50:00+00:00,53.4900016784668,53.4900016784668,53.4900016784668,53.4900016784668,53.4900016784668,18,RVHL,2025-09
2025-09-12 08:55:00+00:00,53.4900016784668,53.4900016784668,53.4900016784668,53.4900016784668,53.4900016784668,45,RVHL,2025-09
2025-09-12 09:05:00+00:00,52.900001525878906,52.900001525878906,53.560001373291016,52.900001525878906,53.560001373291016,291,RVHL,2025-09
2025-09-12 09:10:00+00:00,53.70000076293945,53.70000076293945,53.70000076293945,53.68999862670898,53.68999862670898,110,RVHL,2025-09
2025-09-12 09:30:00+00:00,52.84999847412109,52.84999847412109,53.68000030517578,52.84999847412109,52.91999816894531,1335,RVHL,2025-09
2025-09-12 09:35:00+00:00,52.84999847412109,52.84999847412109,53.70000076293945,52.84999847412109,53.5,1008,RVHL,2025-09
2025-09-12 09:45:00+00:00,52.56999969482422,52.56999969482422,52.84999847412109,52.56999969482422,52.84999847412109,595,RVHL,2025-09
2025-09-12 09:50:00+00:00,51.79999923706055,51.79999923706055,52.84000015258789,51.209999084472656,52.56999969482422,5319,RVHL,2025-09
2025-09-12 09:55:00+00:00,52.61000061035156,52.61000061035156,53.68999862670898,51.900001525878906,53.34999847412109,0,RVHL,2025-09
2025-09-15 03:45:00+00:00,52.060001373291016,52.060001373291016,52.93999862670898,52.0099983215332,52.0099983215332,0,RVHL,2025-09
2025-09-15 03:50:00+00:00,53.79999923706055,53.79999923706055,54.0,52.40999984741211,53.68999862670898,7007,RVHL,2025-09
2025-09-15 03:55:00+00:00,54.5,54.5,54.75,53.79999923706055,53.79999923706055,5319,RVHL,2025-09
2025-09-15 04:00:00+00:00,54.4900016784668,54.4900016784668,54.4900016784668,54.4900016784668,54.4900016784668,0,RVHL,2025-09
2025-09-15 04:05:00+00:00,53.810001373291016,53.810001373291016,53.810001373291016,53.79999923706055,53.79999923706055,1786,RVHL,2025-09
2025-09-15 04:10:00+00:00,54.02999877929688,54.02999877929688,54.02999877929688,54.02999877929688,54.02999877929688,0,RVHL,2025-09
2025-09-15 04:15:00+00:00,53.81999969482422,53.81999969482422,54.0,53.81999969482422,54.0,158,RVHL,2025-09
2025-09-15 04:20:00+00:00,53.81999969482422,53.81999969482422,53.970001220703125,53.81999969482422,53.970001220703125,13,RVHL,2025-09
2025-09-15 04:25:00+00:00,53.79999923706055,53.79999923706055,53.79999923706055,53.79999923706055,53.79999923706055,1205,RVHL,2025-09
2025-09-15 04:30:00+00:00,53.79999923706055,53.79999923706055,53.79999923706055,53.79999923706055,53.79999923706055,0,RVHL,2025-09
2025-09-15 04:35:00+00:00,53.79999923706055,53.79999923706055,53.79999923706055,53.79999923706055,53.79999923706055,0,RVHL,2025-09
2025-09-15 04:40:00+00:00,53.79999923706055,53.79999923706055,53.79999923706055,53.79999923706055,53.79999923706055,2,RVHL,2025-09
2025-09-15 04:45:00+00:00,54.0,54.0,54.0,54.0,54.0,799,RVHL,2025-09
2025-09-15 04:55:00+00:00,53.52999877929688,53.52999877929688,53.959999084472656,53.5099983215332,53.959999084472656,572,RVHL,2025-09
2025-09-15 05:00:00+00:00,53.68999862670898,53.68999862670898,53.68999862670898,53.5099983215332,53.68000030517578,262,RVHL,2025-09
2025-09-15 05:05:00+00:00,53.5,53.5,53.790000915527344,53.20000076293945,53.4900016784668,699,RVHL,2025-09
2025-09-15 05:10:00+00:00,53.5,53.5,53.5,53.5,53.5,0,RVHL,2025-09
2025-09-15 05:15:00+00:00,53.5,53.5,54.0,53.5,53.959999084472656,1153,RVHL,2025-09
2025-09-15 05:20:00+00:00,53.83000183105469,53.83000183105469,53.83000183105469,53.83000183105469,53.83000183105469,2,RVHL,2025-09
2025-09-15 05:25:00+00:00,53.70000076293945,53.70000076293945,54.0,53.560001373291016,53.7400016784668,2516,RVHL,2025-09
2025-09-15 05:30:00+00:00,54.0,54.0,54.0,54.0,54.0,495,RVHL,2025-09
2025-09-15 05:35:00+00:00,54.20000076293945,54.20000076293945,54.20000076293945,54.20000076293945,54.20000076293945,1225,RVHL,2025-09
2025-09-15 05:40:00+00:00,54.0,54.0,54.0,54.0,54.0,0,RVHL,2025-09
2025-09-15 05:55:00+00:00,54.0,54.0,54.5,53.810001373291016,54.5,5131,RVHL,2025-09
2025-09-15 06:00:00+00:00,53.880001068115234,53.880001068115234,53.880001068115234,53.880001068115234,53.880001068115234,0,RVHL,2025-09
2025-09-15 06:05:00+00:00,53.20000076293945,53.20000076293945,53.86000061035156,53.20000076293945,53.86000061035156,516,RVHL,2025-09
2025-09-15 06:10:00+00:00,53.84999847412109,53.84999847412109,53.84999847412109,53.84999847412109,53.84999847412109,0,RVHL,2025-09
2025-09-15 06:25:00+00:00,54.119998931884766,54.119998931884766,54.130001068115234,54.119998931884766,54.130001068115234,18,RVHL,2025-09
2025-09-15 06:30:00+00:00,53.91999816894531,53.91999816894531,54.0,53.91999816894531,54.0,2,RVHL,2025-09
2025-09-15 06:35:00+00:00,54.09000015258789,54.09000015258789,54.09999847412109,54.09000015258789,54.09999847412109,546,RVHL,2025-09
2025-09-15 06:40:00+00:00,54.18999862670898,54.18999862670898,54.18999862670898,54.18999862670898,54.18999862670898,38,RVHL,2025-09
2025-09-15 06:45:00+00:00,54.0,54.0,54.0,54.0,54.0,124,RVHL,2025-09
2025-09-15 06:55:00+00:00,53.900001525878906,53.900001525878906,53.900001525878906,53.900001525878906,53.900001525878906,42,RVHL,2025-09
2025-09-15 07:05:00+00:00,53.91999816894531,53.91999816894531,53.91999816894531,53.91999816894531,53.91999816894531,2,RVHL,2025-09
2025-09-15 07:10:00+00:00,54.0,54.0,54.0,53.91999816894531,53.91999816894531,157,RVHL,2025-09
2025-09-15 07:15:00+00:00,53.90999984741211,53.90999984741211,53.90999984741211,53.90999984741211,53.90999984741211,214,RVHL,2025-09
2025-09-15 07:20:00+00:00,53.95000076293945,53.95000076293945,53.95000076293945,53.95000076293945,53.95000076293945,10,RVHL,2025-09
2025-09-15 07:30:00+00:00,53.90999984741211,53.90999984741211,53.90999984741211,53.90999984741211,53.90999984741211,87,RVHL,2025-09
2025-09-15 07:35:00+00:00,53.70000076293945,53.70000076293945,53.880001068115234,53.70000076293945,53.880001068115234,686,RVHL,2025-09
2025-09-15 07:40:00+00:00,53.93000030517578,53.93000030517578,53.93000030517578,53.75,53.75,132,RVHL,2025-09
2025-09-15 07:45:00+00:00,53.95000076293945,53.95000076293945,53.95000076293945,53.95000076293945,53.95000076293945,0,RVHL,2025-09
2025-09-15 07:50:00+00:00,53.70000076293945,53.70000076293945,53.70000076293945,53.70000076293945,53.70000076293945,20,RVHL,2025-09
2025-09-15 07:55:00+00:00,53.209999084472656,53.209999084472656,53.209999084472656,53.209999084472656,53.209999084472656,3268,RVHL,2025-09
2025-09-15 08:00:00+00:00,53.20000076293945,53.20000076293945,53.650001525878906,53.20000076293945,53.2599983215332,759,RVHL,2025-09
2025-09-15 08:10:00+00:00,53.220001220703125,53.220001220703125,53.290000915527344,53.220001220703125,53.290000915527344,92,RVHL,2025-09
2025-09-15 08:20:00+00:00,53.20000076293945,53.20000076293945,53.20000076293945,53.20000076293945,53.20000076293945,58,RVHL,2025-09
2025-09-15 08:25:00+00:00,53.0,53.0,53.09999847412109,53.0,53.09999847412109,146,RVHL,2025-09
2025-09-15 08:30:00+00:00,53.0,53.0,53.0,52.95000076293945,53.0,155,RVHL,2025-09
2025-09-15 08:40:00+00:00,52.4900016784668,52.4900016784668,52.869998931884766,52.4900016784668,52.869998931884766,1526,RVHL,2025-09
2025-09-15 08:45:00+00:00,52.9900016784668,52.9900016784668,52.9900016784668,52.70000076293945,52.70000076293945,463,RVHL,2025-09
2025-09-15 08:55:00+00:00,52.75,52.75,52.75,52.75,52.75,1540,RVHL,2025-09
2025-09-15 09:05:00+00:00,53.0,53.0,53.0,53.0,53.0,10000,RVHL,2025-09
2025-09-15 09:10:00+00:00,53.0,53.0,53.0,53.0,53.0,0,RVHL,2025-09
2025-09-15 09:15:00+00:00,53.0,53.0,53.0,53.0,53.0,4914,RVHL,2025-09
2025-09-15 09:20:00+00:00,52.79999923706055,52.79999923706055,52.79999923706055,52.79999923706055,52.79999923706055,102,RVHL,2025-09
2025-09-15 09:25:00+00:00,52.97999954223633,52.97999954223633,53.0,52.70000076293945,53.0,1642,RVHL,2025-09
2025-09-15 09:30:00+00:00,53.0,53.0,53.0,53.0,53.0,479,RVHL,2025-09
2025-09-15 09:35:00+00:00,53.0,53.0,53.0,52.810001373291016,53.0,1297,RVHL,2025-09
2025-09-15 09:40:00+00:00,52.9900016784668,52.9900016784668,52.9900016784668,52.22999954223633,52.22999954223633,1187,RVHL,2025-09
2025-09-15 09:45:00+00:00,52.97999954223633,52.97999954223633,52.97999954223633,52.97999954223633,52.97999954223633,84,RVHL,2025-09
2025-09-15 09:50:00+00:00,52.54999923706055,52.54999923706055,52.97999954223633,52.54999923706055,52.97999954223633,475,RVHL,2025-09
2025-09-15 09:55:00+00:00,52.84999847412109,52.84999847412109,53.20000076293945,52.0,52.5,3645,RVHL,2025-09
2025-09-16 03:45:00+00:00,53.0,53.0,53.0,53.0,53.0,0,RVHL,2025-09
2025-09-16 03:50:00+00:00,53.810001373291016,53.810001373291016,53.810001373291016,53.810001373291016,53.810001373291016,138,RVHL,2025-09
2025-09-16 03:55:00+00:00,53.54999923706055,53.54999923706055,53.70000076293945,53.4900016784668,53.560001373291016,178,RVHL,2025-09
2025-09-16 04:00:00+00:00,54.38999938964844,54.38999938964844,54.38999938964844,54.38999938964844,54.38999938964844,1006,RVHL,2025-09
2025-09-16 04:05:00+00:00,54.0,54.0,54.0099983215332,54.0,54.0,6277,RVHL,2025-09
2025-09-16 04:10:00+00:00,54.18999862670898,54.18999862670898,54.18999862670898,54.18999862670898,54.18999862670898,2,RVHL,2025-09
2025-09-16 04:15:00+00:00,54.369998931884766,54.369998931884766,54.70000076293945,54.0,54.5,5193,RVHL,2025-09
2025-09-16 04:20:00+00:00,54.650001525878906,54.650001525878906,54.650001525878906,54.650001525878906,54.650001525878906,121,RVHL,2025-09
2025-09-16 04:25:00+00:00,54.70000076293945,54.70000076293945,54.70000076293945,54.70000076293945,54.70000076293945,940,RVHL,2025-09
2025-09-16 04:30:00+00:00,54.68000030517578,54.68000030517578,54.68000030517578,54.68000030517578,54.68000030517578,0,RVHL,2025-09
2025-09-16 04:35:00+00:00,54.66999816894531,54.66999816894531,54.66999816894531,54.34000015258789,54.34000015258789,325,RVHL,2025-09
2025-09-16 04:40:00+00:00,54.88999938964844,54.88999938964844,54.900001525878906,54.470001220703125,54.56999969482422,1579,RVHL,2025-09
2025-09-16 04:45:00+00:00,55.09999847412109,55.09999847412109,55.09999847412109,54.88999938964844,54.88999938964844,2746,RVHL,2025-09
2025-09-16 04:50:00+00:00,55.11000061035156,55.11000061035156,55.11000061035156,55.0,55.11000061035156,225,RVHL,2025-09
2025-09-16 04:55:00+00:00,55.34000015258789,55.34000015258789,55.34000015258789,55.0,55.0099983215332,2243,RVHL,2025-09
2025-09-16 05:00:00+00:00,55.209999084472656,55.209999084472656,56.0,55.209999084472656,55.59999847412109,2163,RVHL,2025-09
2025-09-16 05:05:00+00:00,56.0,56.0,56.0,56.0,56.0,0,RVHL,2025-09
2025-09-16 05:10:00+00:00,56.5,56.5,56.5,55.95000076293945,55.95000076293945,35217,RVHL,2025-09
2025-09-16 05:30:00+00:00,58.27999877929688,58.27999877929688,58.880001068115234,58.27999877929688,58.720001220703125,29732,RVHL,2025-09
2025-09-16 05:35:00+00:00,57.900001525878906,57.900001525878906,58.54999923706055,57.900001525878906,58.209999084472656,4075,RVHL,2025-09
2025-09-16 05:40:00+00:00,57.7400016784668,57.7400016784668,58.470001220703125,57.7400016784668,58.470001220703125,1196,RVHL,2025-09
2025-09-16 05:45:00+00:00,57.70000076293945,57.70000076293945,57.970001220703125,57.70000076293945,57.970001220703125,2235,RVHL,2025-09
2025-09-16 05:50:00+00:00,57.70000076293945,57.70000076293945,57.97999954223633,57.70000076293945,57.97999954223633,1207,RVHL,2025-09
2025-09-16 05:55:00+00:00,58.58000183105469,58.58000183105469,58.58000183105469,57.70000076293945,57.70000076293945,1120,RVHL,2025-09
2025-09-16 06:05:00+00:00,59.400001525878906,59.400001525878906,60.0,58.9900016784668,59.5,30567,RVHL,2025-09
2025-09-16 06:10:00+00:00,59.380001068115234,59.380001068115234,59.9900016784668,58.59999847412109,59.900001525878906,5855,RVHL,2025-09
2025-09-16 06:15:00+00:00,59.970001220703125,59.970001220703125,60.0,58.93999862670898,58.93999862670898,9835,RVHL,2025-09
2025-09-16 06:20:00+00:00,60.970001220703125,60.970001220703125,60.970001220703125,59.75,59.970001220703125,17185,RVHL,2025-09
2025-09-16 06:25:00+00:00,62.47999954223633,62.47999954223633,62.47999954223633,61.5,61.97999954223633,59963,RVHL,2025-09
2025-09-16 06:30:00+00:00,61.18999862670898,61.18999862670898,62.68999862670898,61.11000061035156,62.4900016784668,7086,RVHL,2025-09
2025-09-16 06:35:00+00:00,61.59999847412109,61.59999847412109,61.869998931884766,61.220001220703125,61.220001220703125,4598,RVHL,2025-09
2025-09-16 06:40:00+00:00,61.97999954223633,61.97999954223633,62.0,61.59999847412109,61.59999847412109,9135,RVHL,2025-09
2025-09-16 06:45:00+00:00,62.400001525878906,62.400001525878906,62.59999847412109,61.95000076293945,61.95000076293945,17316,RVHL,2025-09
2025-09-16 06:50:00+00:00,60.9900016784668,60.9900016784668,62.220001220703125,60.59999847412109,62.220001220703125,11408,RVHL,2025-09
2025-09-16 06:55:00+00:00,60.02000045776367,60.02000045776367,60.75,59.06999969482422,60.27000045776367,17189,RVHL,2025-09
2025-09-16 07:00:00+00:00,60.27999877929688,60.27999877929688,60.88999938964844,59.65999984741211,59.65999984741211,10334,RVHL,2025-09
2025-09-16 07:05:00+00:00,61.29999923706055,61.29999923706055,63.0,60.27999877929688,60.27999877929688,12750,RVHL,2025-09
2025-09-16 07:10:00+00:00,62.84000015258789,62.84000015258789,62.84000015258789,61.20000076293945,62.0,6172,RVHL,2025-09
2025-09-16 07:15:00+00:00,63.41999816894531,63.41999816894531,63.41999816894531,62.5,62.77000045776367,50048,RVHL,2025-09
2025-09-16 07:20:00+00:00,63.41999816894531,63.41999816894531,63.41999816894531,63.0,63.41999816894531,17905,RVHL,2025-09
2025-09-16 07:25:00+00:00,63.41999816894531,63.41999816894531,63.41999816894531,63.41999816894531,63.41999816894531,6336,RVHL,2025-09
2025-09-16 07:30:00+00:00,63.41999816894531,63.41999816894531,63.41999816894531,63.41999816894531,63.41999816894531,9170,RVHL,2025-09
2025-09-16 07:35:00+00:00,63.41999816894531,63.41999816894531,63.41999816894531,63.41999816894531,63.41999816894531,10600,RVHL,2025-09
2025-09-16 07:40:00+00:00,63.41999816894531,63.41999816894531,63.41999816894531,63.41999816894531,63.41999816894531,17,RVHL,2025-09
2025-09-16 07:45:00+00:00,63.41999816894531,63.41999816894531,63.41999816894531,63.41999816894531,63.41999816894531,571,RVHL,2025-09
2025-09-16 07:50:00+00:00,63.41999816894531,63.41999816894531,63.41999816894531,63.41999816894531,63.41999816894531,476,RVHL,2025-09
2025-09-16 08:25:00+00:00,63.41999816894531,63.41999816894531,63.41999816894531,63.41999816894531,63.41999816894531,2569,RVHL,2025-09
2025-09-16 08:40:00+00:00,63.41999816894531,63.41999816894531,63.41999816894531,63.41999816894531,63.41999816894531,304,RVHL,2025-09
2025-09-16 08:45:00+00:00,63.41999816894531,63.41999816894531,63.41999816894531,63.41999816894531,63.41999816894531,781,RVHL,2025-09
2025-09-16 08:50:00+00:00,63.41999816894531,63.41999816894531,63.41999816894531,63.41999816894531,63.41999816894531,59,RVHL,2025-09
2025-09-16 09:00:00+00:00,63.41999816894531,63.41999816894531,63.41999816894531,63.41999816894531,63.41999816894531,0,RVHL,2025-09
2025-09-16 09:05:00+00:00,63.41999816894531,63.41999816894531,63.41999816894531,63.41999816894531,63.41999816894531,56,RVHL,2025-09
2025-09-16 09:25:00+00:00,63.41999816894531,63.41999816894531,63.41999816894531,63.41999816894531,63.41999816894531,1944,RVHL,2025-09
2025-09-16 09:30:00+00:00,63.41999816894531,63.41999816894531,63.41999816894531,63.41999816894531,63.41999816894531,1400,RVHL,2025-09
2025-09-16 09:35:00+00:00,63.41999816894531,63.41999816894531,63.41999816894531,63.41999816894531,63.41999816894531,249,RVHL,2025-09
2025-09-16 09:50:00+00:00,63.41999816894531,63.41999816894531,63.41999816894531,63.41999816894531,63.41999816894531,1218,RVHL,2025-09
2025-09-16 09:55:00+00:00,63.41999816894531,63.41999816894531,63.41999816894531,63.41999816894531,63.41999816894531,0,RVHL,2025-09
2025-09-17 03:45:00+00:00,67.9000015258789,67.9000015258789,69.69999694824219,66.30999755859375,69.5,188072,RVHL,2025-09
2025-09-17 03:50:00+00:00,67.7699966430664,67.7699966430664,68.29000091552734,67.5,67.9800033569336,28785,RVHL,2025-09
2025-09-17 03:55:00+00:00,69.98999786376953,69.98999786376953,71.25,67.94999694824219,67.94999694824219,117249,RVHL,2025-09
2025-09-17 04:00:00+00:00,69.79000091552734,69.79000091552734,70.3499984741211,69.0,70.16999816894531,23773,RVHL,2025-09
2025-09-17 04:05:00+00:00,68.80000305175781,68.80000305175781,69.4800033569336,68.5,69.26000213623047,17487,RVHL,2025-09
2025-09-17 04:10:00+00:00,69.77999877929688,69.77999877929688,70.0,68.80000305175781,68.80000305175781,26668,RVHL,2025-09
2025-09-17 04:15:00+00:00,69.16999816894531,69.16999816894531,69.5,69.0,69.5,7460,RVHL,2025-09
2025-09-17 04:20:00+00:00,68.97000122070312,68.97000122070312,69.1500015258789,68.80000305175781,69.0,5320,RVHL,2025-09
2025-09-17 04:25:00+00:00,69.36000061035156,69.36000061035156,69.41999816894531,68.8499984741211,69.13999938964844,5096,RVHL,2025-09
2025-09-17 04:30:00+00:00,67.62999725341797,67.62999725341797,69.29000091552734,67.31999969482422,69.27999877929688,33107,RVHL,2025-09
2025-09-17 04:35:00+00:00,67.6500015258789,67.6500015258789,68.62999725341797,67.33000183105469,67.62999725341797,5152,RVHL,2025-09
2025-09-17 04:40:00+00:00,67.5,67.5,68.19999694824219,67.25,68.18000030517578,2686,RVHL,2025-09
2025-09-17 04:45:00+00:00,67.29000091552734,67.29000091552734,67.5,67.12000274658203,67.48999786376953,4438,RVHL,2025-09
2025-09-17 04:50:00+00:00,66.33999633789062,66.33999633789062,67.5,66.0999984741211,67.29000091552734,11323,RVHL,2025-09
2025-09-17 04:55:00+00:00,65.38999938964844,65.38999938964844,66.33999633789062,64.5,66.33999633789062,15211,RVHL,2025-09
2025-09-17 05:00:00+00:00,66.33000183105469,66.33000183105469,66.33999633789062,65.3499984741211,65.37999725341797,4854,RVHL,2025-09
2025-09-17 05:05:00+00:00,66.31999969482422,66.31999969482422,67.5,66.31999969482422,66.33999633789062,8263,RVHL,2025-09
2025-09-17 05:10:00+00:00,66.18000030517578,66.18000030517578,66.48999786376953,66.0,66.33999633789062,1204,RVHL,2025-09
2025-09-17 05:15:00+00:00,67.41000366210938,67.41000366210938,67.41000366210938,66.0,66.12999725341797,2350,RVHL,2025-09
2025-09-17 05:20:00+00:00,66.45999908447266,66.45999908447266,67.51000213623047,66.19999694824219,67.41000366210938,6481,RVHL,2025-09
2025-09-17 05:25:00+00:00,66.4800033569336,66.4800033569336,66.63999938964844,66.47000122070312,66.4800033569336,1115,RVHL,2025-09
2025-09-17 05:30:00+00:00,66.37999725341797,66.37999725341797,66.80000305175781,66.0999984741211,66.48999786376953,696,RVHL,2025-09
2025-09-17 05:35:00+00:00,66.37000274658203,66.37000274658203,66.37000274658203,66.0199966430664,66.0199966430664,15,RVHL,2025-09
2025-09-17 05:40:00+00:00,66.11000061035156,66.11000061035156,66.58999633789062,66.0999984741211,66.33999633789062,1947,RVHL,2025-09
2025-09-17 05:45:00+00:00,66.44000244140625,66.44000244140625,67.48999786376953,66.19000244140625,66.19000244140625,4414,RVHL,2025-09
2025-09-17 05:50:00+00:00,66.13999938964844,66.13999938964844,66.13999938964844,66.13999938964844,66.13999938964844,0,RVHL,2025-09
2025-09-17 05:55:00+00:00,66.62000274658203,66.62000274658203,66.98999786376953,66.20999908447266,66.20999908447266,1001,RVHL,2025-09
2025-09-17 06:00:00+00:00,67.27999877929688,67.27999877929688,67.43000030517578,66.94999694824219,66.94999694824219,3238,RVHL,2025-09
2025-09-17 06:05:00+00:00,67.41000366210938,67.41000366210938,67.43000030517578,67.13999938964844,67.27999877929688,4603,RVHL,2025-09
2025-09-17 06:10:00+00:00,67.4000015258789,67.4000015258789,67.4000015258789,67.08999633789062,67.08999633789062,228,RVHL,2025-09
2025-09-17 06:15:00+00:00,67.1500015258789,67.1500015258789,67.1500015258789,67.05000305175781,67.08999633789062,141,RVHL,2025-09
2025-09-17 06:20:00+00:00,67.18000030517578,67.18000030517578,67.38999938964844,67.1500015258789,67.38999938964844,198,RVHL,2025-09
2025-09-17 06:25:00+00:00,67.4000015258789,67.4000015258789,67.4000015258789,67.37000274658203,67.4000015258789,819,RVHL,2025-09
2025-09-17 06:30:00+00:00,67.5,67.5,67.5999984741211,67.4000015258789,67.4000015258789,1783,RVHL,2025-09
2025-09-17 06:35:00+00:00,67.4800033569336,67.4800033569336,67.55000305175781,67.43000030517578,67.43000030517578,796,RVHL,2025-09
2025-09-17 06:40:00+00:00,67.26000213623047,67.26000213623047,67.4800033569336,67.26000213623047,67.4800033569336,448,RVHL,2025-09
2025-09-17 06:45:00+00:00,65.94999694824219,65.94999694824219,66.83999633789062,65.94999694824219,66.66000366210938,4571,RVHL,2025-09
2025-09-17 06:50:00+00:00,66.2300033569336,66.2300033569336,66.2300033569336,66.0,66.0,1520,RVHL,2025-09
2025-09-17 06:55:00+00:00,66.9000015258789,66.9000015258789,66.9000015258789,66.58999633789062,66.58999633789062,1411,RVHL,2025-09
2025-09-17 07:00:00+00:00,66.80999755859375,66.80999755859375,66.80999755859375,66.41999816894531,66.41999816894531,128,RVHL,2025-09
2025-09-17 07:05:00+00:00,66.47000122070312,66.47000122070312,66.75,66.44999694824219,66.75,1173,RVHL,2025-09
2025-09-17 07:10:00+00:00,66.83999633789062,66.83999633789062,66.83999633789062,66.5,66.79000091552734,288,RVHL,2025-09
2025-09-17 07:15:00+00:00,66.6500015258789,66.6500015258789,66.86000061035156,66.5999984741211,66.83999633789062,138,RVHL,2025-09
2025-09-17 07:20:00+00:00,66.62000274658203,66.62000274658203,66.8499984741211,66.62000274658203,66.6500015258789,100,RVHL,2025-09
2025-09-17 07:25:00+00:00,66.44999694824219,66.44999694824219,66.9000015258789,66.44999694824219,66.5999984741211,1469,RVHL,2025-09
2025-09-17 07:30:00+00:00,66.02999877929688,66.02999877929688,66.27999877929688,66.02999877929688,66.2300033569336,420,RVHL,2025-09
2025-09-17 07:35:00+00:00,66.05000305175781,66.05000305175781,66.19999694824219,66.02999877929688,66.02999877929688,59,RVHL,2025-09
2025-09-17 07:40:00+00:00,65.98999786376953,65.98999786376953,65.98999786376953,65.4000015258789,65.9000015258789,2295,RVHL,2025-09
2025-09-17 07:45:00+00:00,65.9800033569336,65.9800033569336,65.9800033569336,65.9800033569336,65.9800033569336,0,RVHL,2025-09
2025-09-17 07:50:00+00:00,65.88999938964844,65.88999938964844,65.9800033569336,65.88999938964844,65.9800033569336,373,RVHL,2025-09
2025-09-17 07:55:00+00:00,65.0,65.0,65.5,64.5,65.5,5144,RVHL,2025-09
2025-09-17 08:00:00+00:00,65.7699966430664,65.7699966430664,65.9000015258789,65.0,65.0,2265,RVHL,2025-09
2025-09-17 08:05:00+00:00,65.47000122070312,65.47000122070312,65.76000213623047,65.41999816894531,65.41999816894531,845,RVHL,2025-09
2025-09-17 08:10:00+00:00,65.0999984741211,65.0999984741211,65.44000244140625,65.0,65.44000244140625,2087,RVHL,2025-09
2025-09-17 08:15:00+00:00,64.11000061035156,64.11000061035156,64.9000015258789,63.459999084472656,64.9000015258789,5488,RVHL,2025-09
2025-09-17 08:20:00+00:00,64.12999725341797,64.12999725341797,64.73999786376953,64.12999725341797,64.26000213623047,4487,RVHL,2025-09
2025-09-17 08:25:00+00:00,64.01000213623047,64.01000213623047,64.37000274658203,63.75,64.37000274658203,667,RVHL,2025-09
2025-09-17 08:30:00+00:00,64.0199966430664,64.0199966430664,64.37999725341797,64.01000213623047,64.01000213623047,3347,RVHL,2025-09
2025-09-17 08:35:00+00:00,64.02999877929688,64.02999877929688,64.37999725341797,64.0199966430664,64.0199966430664,1615,RVHL,2025-09
2025-09-17 08:40:00+00:00,64.66000366210938,64.66000366210938,64.98999786376953,64.02999877929688,64.02999877929688,2726,RVHL,2025-09
2025-09-17 08:45:00+00:00,64.0999984741211,64.0999984741211,64.52999877929688,64.0999984741211,64.52999877929688,166,RVHL,2025-09
2025-09-17 08:50:00+00:00,64.22000122070312,64.22000122070312,64.72000122070312,64.01000213623047,64.04000091552734,2575,RVHL,2025-09
2025-09-17 08:55:00+00:00,63.34999847412109,63.34999847412109,64.23999786376953,62.59999847412109,64.23999786376953,10692,RVHL,2025-09
2025-09-17 09:00:00+00:00,62.93000030517578,62.93000030517578,63.34999847412109,62.5,63.11000061035156,4980,RVHL,2025-09
2025-09-17 09:05:00+00:00,63.0,63.0,63.5,62.5099983215332,63.09999847412109,12399,RVHL,2025-09
2025-09-17 09:10:00+00:00,62.900001525878906,62.900001525878906,62.970001220703125,62.5,62.5,1991,RVHL,2025-09
2025-09-17 09:15:00+00:00,62.900001525878906,62.900001525878906,63.27999877929688,62.79999923706055,62.970001220703125,5773,RVHL,2025-09
2025-09-17 09:20:00+00:00,63.150001525878906,63.150001525878906,63.150001525878906,62.900001525878906,62.900001525878906,1710,RVHL,2025-09
2025-09-17 09:25:00+00:00,63.45000076293945,63.45000076293945,63.4900016784668,62.59999847412109,63.290000915527344,2774,RVHL,2025-09
2025-09-17 09:30:00+00:00,62.61000061035156,62.61000061035156,63.5,62.11000061035156,63.36000061035156,8795,RVHL,2025-09
2025-09-17 09:35:00+00:00,63.27999877929688,63.27999877929688,63.29999923706055,62.77999877929688,62.77999877929688,1442,RVHL,2025-09
2025-09-17 09:40:00+00:00,62.88999938964844,62.88999938964844,63.20000076293945,62.59999847412109,63.20000076293945,1269,RVHL,2025-09
2025-09-17 09:45:00+00:00,60.2599983215332,60.2599983215332,62.88999938964844,59.4900016784668,62.88999938964844,40972,RVHL,2025-09
2025-09-17 09:50:00+00:00,61.150001525878906,61.150001525878906,61.20000076293945,60.20000076293945,60.59999847412109,10661,RVHL,2025-09
2025-09-17 09:55:00+00:00,62.0,62.0,62.5099983215332,60.95000076293945,60.95000076293945,16406,RVHL,2025-09
2025-09-18 03:45:00+00:00,64.4000015258789,64.4000015258789,64.5,60.0,62.290000915527344,0,RVHL,2025-09
2025-09-18 03:50:00+00:00,64.48999786376953,64.48999786376953,65.0,64.0,64.5,10866,RVHL,2025-09
2025-09-18 03:55:00+00:00,64.51000213623047,64.51000213623047,64.6500015258789,62.119998931884766,64.48999786376953,9617,RVHL,2025-09
2025-09-18 04:00:00+00:00,63.88999938964844,63.88999938964844,64.52999877929688,63.70000076293945,64.05000305175781,3654,RVHL,2025-09
2025-09-18 04:05:00+00:00,64.48999786376953,64.48999786376953,64.48999786376953,63.83000183105469,63.90999984741211,149,RVHL,2025-09
2025-09-18 04:10:00+00:00,64.47000122070312,64.47000122070312,64.54000091552734,63.9900016784668,63.9900016784668,2315,RVHL,2025-09
2025-09-18 04:15:00+00:00,64.06999969482422,64.06999969482422,64.33999633789062,64.04000091552734,64.33999633789062,946,RVHL,2025-09
2025-09-18 04:20:00+00:00,63.9900016784668,63.9900016784668,64.25,63.79999923706055,64.11000061035156,1745,RVHL,2025-09
2025-09-18 04:25:00+00:00,64.06999969482422,64.06999969482422,64.06999969482422,63.81999969482422,63.9900016784668,577,RVHL,2025-09
2025-09-18 04:30:00+00:00,63.810001373291016,63.810001373291016,63.9900016784668,63.810001373291016,63.9900016784668,376,RVHL,2025-09
2025-09-18 04:35:00+00:00,62.93000030517578,62.93000030517578,63.970001220703125,62.22999954223633,63.970001220703125,2335,RVHL,2025-09
2025-09-18 04:40:00+00:00,62.34999847412109,62.34999847412109,62.93000030517578,62.2599983215332,62.93000030517578,1490,RVHL,2025-09
2025-09-18 04:45:00+00:00,62.79999923706055,62.79999923706055,62.79999923706055,62.79999923706055,62.79999923706055,0,RVHL,2025-09
2025-09-18 04:50:00+00:00,63.0,63.0,63.0,62.36000061035156,62.4900016784668,1050,RVHL,2025-09
2025-09-18 04:55:00+00:00,62.900001525878906,62.900001525878906,62.970001220703125,62.900001525878906,62.93000030517578,389,RVHL,2025-09
2025-09-18 05:00:00+00:00,62.59999847412109,62.59999847412109,62.84999847412109,62.5,62.5,921,RVHL,2025-09
2025-09-18 05:05:00+00:00,62.31999969482422,62.31999969482422,62.880001068115234,62.31999969482422,62.65999984741211,216,RVHL,2025-09
2025-09-18 05:10:00+00:00,62.25,62.25,62.400001525878906,62.25,62.369998931884766,95,RVHL,2025-09
2025-09-18 05:15:00+00:00,62.880001068115234,62.880001068115234,62.880001068115234,62.25,62.25,971,RVHL,2025-09
2025-09-18 05:20:00+00:00,62.709999084472656,62.709999084472656,62.79999923706055,62.470001220703125,62.4900016784668,1011,RVHL,2025-09
2025-09-18 05:25:00+00:00,62.65999984741211,62.65999984741211,62.869998931884766,62.0099983215332,62.52000045776367,2752,RVHL,2025-09
2025-09-18 05:30:00+00:00,62.79999923706055,62.79999923706055,62.79999923706055,62.400001525878906,62.66999816894531,2005,RVHL,2025-09
2025-09-18 05:35:00+00:00,62.75,62.75,62.869998931884766,62.400001525878906,62.400001525878906,1080,RVHL,2025-09
2025-09-18 05:40:00+00:00,62.790000915527344,62.790000915527344,62.790000915527344,62.40999984741211,62.61000061035156,173,RVHL,2025-09
2025-09-18 05:45:00+00:00,62.959999084472656,62.959999084472656,62.959999084472656,62.790000915527344,62.790000915527344,629,RVHL,2025-09
2025-09-18 05:50:00+00:00,62.95000076293945,62.95000076293945,62.95000076293945,62.95000076293945,62.95000076293945,100,RVHL,2025-09
2025-09-18 05:55:00+00:00,62.93000030517578,62.93000030517578,62.93000030517578,62.93000030517578,62.93000030517578,0,RVHL,2025-09
2025-09-18 06:00:00+00:00,62.970001220703125,62.970001220703125,62.970001220703125,62.93000030517578,62.93000030517578,865,RVHL,2025-09
2025-09-18 06:05:00+00:00,62.540000915527344,62.540000915527344,62.540000915527344,62.540000915527344,62.540000915527344,80,RVHL,2025-09
2025-09-18 06:20:00+00:00,62.5,62.5,62.93999862670898,62.5,62.93999862670898,220,RVHL,2025-09
2025-09-18 06:25:00+00:00,62.95000076293945,62.95000076293945,62.95000076293945,62.95000076293945,62.95000076293945,0,RVHL,2025-09
2025-09-18 06:30:00+00:00,62.959999084472656,62.959999084472656,62.959999084472656,62.959999084472656,62.959999084472656,1350,RVHL,2025-09
2025-09-18 06:35:00+00:00,62.959999084472656,62.959999084472656,62.959999084472656,62.93000030517578,62.93000030517578,156,RVHL,2025-09
2025-09-18 06:40:00+00:00,62.959999084472656,62.959999084472656,62.959999084472656,62.95000076293945,62.95000076293945,458,RVHL,2025-09
2025-09-18 06:45:00+00:00,62.959999084472656,62.959999084472656,62.959999084472656,62.95000076293945,62.95000076293945,0,RVHL,2025-09
2025-09-18 06:55:00+00:00,62.59999847412109,62.59999847412109,62.900001525878906,62.59999847412109,62.900001525878906,38,RVHL,2025-09
2025-09-18 07:10:00+00:00,62.5,62.5,62.5,62.5,62.5,6,RVHL,2025-09
2025-09-18 07:20:00+00:00,62.59999847412109,62.59999847412109,62.59999847412109,62.5,62.5,110,RVHL,2025-09
2025-09-18 07:25:00+00:00,62.5,62.5,62.5,62.5,62.5,375,RVHL,2025-09
2025-09-18 07:35:00+00:00,62.59000015258789,62.59000015258789,62.59000015258789,62.560001373291016,62.560001373291016,236,RVHL,2025-09
2025-09-18 07:40:00+00:00,62.25,62.25,62.380001068115234,62.25,62.380001068115234,260,RVHL,2025-09
2025-09-18 07:45:00+00:00,62.2400016784668,62.2400016784668,62.2400016784668,62.2400016784668,62.2400016784668,0,RVHL,2025-09
2025-09-18 07:50:00+00:00,62.09999847412109,62.09999847412109,62.09999847412109,62.09999847412109,62.09999847412109,98,RVHL,2025-09
2025-09-18 07:55:00+00:00,62.22999954223633,62.22999954223633,62.22999954223633,62.22999954223633,62.22999954223633,8,RVHL,2025-09
2025-09-18 08:00:00+00:00,62.22999954223633,62.22999954223633,62.22999954223633,62.22999954223633,62.22999954223633,134,RVHL,2025-09
2025-09-18 08:10:00+00:00,62.22999954223633,62.22999954223633,62.22999954223633,62.22999954223633,62.22999954223633,50,RVHL,2025-09
2025-09-18 08:15:00+00:00,62.040000915527344,62.040000915527344,62.09999847412109,62.040000915527344,62.09999847412109,546,RVHL,2025-09
2025-09-18 08:25:00+00:00,62.38999938964844,62.38999938964844,62.38999938964844,62.38999938964844,62.38999938964844,1,RVHL,2025-09
2025-09-18 08:35:00+00:00,62.04999923706055,62.04999923706055,62.04999923706055,62.04999923706055,62.04999923706055,4,RVHL,2025-09
2025-09-18 08:40:00+00:00,61.900001525878906,61.900001525878906,62.02999877929688,61.900001525878906,62.0,1027,RVHL,2025-09
2025-09-18 08:45:00+00:00,61.86000061035156,61.86000061035156,62.18999862670898,61.86000061035156,61.880001068115234,0,RVHL,2025-09
2025-09-18 08:50:00+00:00,62.40999984741211,62.40999984741211,62.59000015258789,61.86000061035156,61.86000061035156,800,RVHL,2025-09
2025-09-18 08:55:00+00:00,62.959999084472656,62.959999084472656,62.959999084472656,62.40999984741211,62.40999984741211,678,RVHL,2025-09
2025-09-18 09:00:00+00:00,62.959999084472656,62.959999084472656,62.959999084472656,61.86000061035156,61.86000061035156,1470,RVHL,2025-09
2025-09-18 09:05:00+00:00,60.970001220703125,60.970001220703125,62.970001220703125,60.11000061035156,61.79999923706055,7167,RVHL,2025-09
2025-09-18 09:10:00+00:00,61.220001220703125,61.220001220703125,61.220001220703125,60.84000015258789,60.93000030517578,1237,RVHL,2025-09
2025-09-18 09:15:00+00:00,61.63999938964844,61.63999938964844,61.63999938964844,61.29999923706055,61.34999847412109,128,RVHL,2025-09
2025-09-18 09:20:00+00:00,61.63999938964844,61.63999938964844,61.63999938964844,61.63999938964844,61.63999938964844,759,RVHL,2025-09
2025-09-18 09:25:00+00:00,61.59999847412109,61.59999847412109,61.63999938964844,61.470001220703125,61.52999877929688,875,RVHL,2025-09
2025-09-18 09:30:00+00:00,61.59999847412109,61.59999847412109,61.59999847412109,61.0,61.0,935,RVHL,2025-09
2025-09-18 09:35:00+00:00,61.119998931884766,61.119998931884766,61.63999938964844,61.08000183105469,61.63999938964844,405,RVHL,2025-09
2025-09-18 09:40:00+00:00,61.04999923706055,61.04999923706055,61.59999847412109,61.04999923706055,61.09999847412109,761,RVHL,2025-09
2025-09-18 09:45:00+00:00,62.0099983215332,62.0099983215332,62.0099983215332,61.06999969482422,61.34999847412109,1008,RVHL,2025-09
2025-09-18 09:50:00+00:00,62.060001373291016,62.060001373291016,62.790000915527344,62.040000915527344,62.20000076293945,2304,RVHL,2025-09
2025-09-18 09:55:00+00:00,61.959999084472656,61.959999084472656,62.720001220703125,61.09999847412109,62.720001220703125,1805,RVHL,2025-09
2025-09-19 03:45:00+00:00,61.56999969482422,61.56999969482422,62.380001068115234,61.5,61.560001373291016,0,RVHL,2025-09
2025-09-19 03:50:00+00:00,61.9900016784668,61.9900016784668,61.9900016784668,61.56999969482422,61.56999969482422,183,RVHL,2025-09
2025-09-19 03:55:00+00:00,61.709999084472656,61.709999084472656,61.880001068115234,61.709999084472656,61.880001068115234,908,RVHL,2025-09
2025-09-19 04:00:00+00:00,61.5099983215332,61.5099983215332,61.560001373291016,61.5099983215332,61.560001373291016,349,RVHL,2025-09
2025-09-19 04:05:00+00:00,60.79999923706055,60.79999923706055,61.88999938964844,60.7400016784668,61.88999938964844,3805,RVHL,2025-09
2025-09-19 04:10:00+00:00,60.709999084472656,60.709999084472656,60.9900016784668,60.61000061035156,60.61000061035156,1388,RVHL,2025-09
2025-09-19 04:15:00+00:00,60.9900016784668,60.9900016784668,60.9900016784668,60.7400016784668,60.88999938964844,766,RVHL,2025-09
2025-09-19 04:20:00+00:00,61.0,61.0,61.0,60.9900016784668,60.9900016784668,585,RVHL,2025-09
2025-09-19 04:25:00+00:00,61.0,61.0,61.0,61.0,61.0,3,RVHL,2025-09
2025-09-19 04:30:00+00:00,60.0,60.0,60.9900016784668,59.40999984741211,60.9900016784668,9352,RVHL,2025-09
2025-09-19 04:35:00+00:00,59.70000076293945,59.70000076293945,59.88999938964844,59.52999877929688,59.52999877929688,0,RVHL,2025-09
2025-09-19 04:40:00+00:00,62.0,62.0,62.59999847412109,59.70000076293945,59.70000076293945,15116,RVHL,2025-09
2025-09-19 04:45:00+00:00,63.0,63.0,64.48999786376953,62.0,62.0,5204,RVHL,2025-09
2025-09-19 04:50:00+00:00,60.95000076293945,60.95000076293945,63.0,60.90999984741211,62.84000015258789,6871,RVHL,2025-09
2025-09-19 04:55:00+00:00,60.95000076293945,60.95000076293945,60.9900016784668,60.90999984741211,60.90999984741211,1094,RVHL,2025-09
2025-09-19 05:00:00+00:00,60.79999923706055,60.79999923706055,60.900001525878906,60.79999923706055,60.900001525878906,1079,RVHL,2025-09
2025-09-19 05:05:00+00:00,59.97999954223633,59.97999954223633,60.72999954223633,59.970001220703125,60.290000915527344,13748,RVHL,2025-09
2025-09-19 05:10:00+00:00,59.63999938964844,59.63999938964844,60.0,59.63999938964844,60.0,2568,RVHL,2025-09
2025-09-19 05:15:00+00:00,59.59999847412109,59.59999847412109,60.0,59.59999847412109,59.630001068115234,1134,RVHL,2025-09
2025-09-19 05:20:00+00:00,59.88999938964844,59.88999938964844,59.91999816894531,59.59999847412109,59.59999847412109,877,RVHL,2025-09
2025-09-19 05:25:00+00:00,59.61000061035156,59.61000061035156,59.77999877929688,59.61000061035156,59.77999877929688,212,RVHL,2025-09
2025-09-19 05:30:00+00:00,59.95000076293945,59.95000076293945,59.95000076293945,59.61000061035156,59.84999847412109,988,RVHL,2025-09
2025-09-19 05:35:00+00:00,59.84999847412109,59.84999847412109,59.869998931884766,59.65999984741211,59.65999984741211,326,RVHL,2025-09
2025-09-19 05:40:00+00:00,59.65999984741211,59.65999984741211,59.84999847412109,59.65999984741211,59.84999847412109,20,RVHL,2025-09
2025-09-19 05:45:00+00:00,59.59999847412109,59.59999847412109,59.880001068115234,59.59999847412109,59.79999923706055,465,RVHL,2025-09
2025-09-19 05:50:00+00:00,59.66999816894531,59.66999816894531,59.68000030517578,59.5,59.59999847412109,956,RVHL,2025-09
2025-09-19 05:55:00+00:00,59.90999984741211,59.90999984741211,59.90999984741211,59.66999816894531,59.66999816894531,849,RVHL,2025-09
2025-09-19 06:00:00+00:00,59.810001373291016,59.810001373291016,59.880001068115234,59.79999923706055,59.79999923706055,0,RVHL,2025-09
2025-09-19 06:05:00+00:00,59.79999923706055,59.79999923706055,59.79999923706055,59.79999923706055,59.79999923706055,555,RVHL,2025-09
2025-09-19 06:10:00+00:00,59.90999984741211,59.90999984741211,59.90999984741211,59.79999923706055,59.79999923706055,136,RVHL,2025-09
2025-09-19 06:15:00+00:00,59.93000030517578,59.93000030517578,59.959999084472656,59.810001373291016,59.959999084472656,1346,RVHL,2025-09
2025-09-19 06:20:00+00:00,59.900001525878906,59.900001525878906,59.95000076293945,59.900001525878906,59.93000030517578,45,RVHL,2025-09
2025-09-19 06:25:00+00:00,59.900001525878906,59.900001525878906,59.900001525878906,59.900001525878906,59.900001525878906,0,RVHL,2025-09
2025-09-19 06:30:00+00:00,59.900001525878906,59.900001525878906,59.900001525878906,59.900001525878906,59.900001525878906,51,RVHL,2025-09
2025-09-19 06:35:00+00:00,59.810001373291016,59.810001373291016,59.93999862670898,59.79999923706055,59.79999923706055,80,RVHL,2025-09
2025-09-19 06:40:00+00:00,59.91999816894531,59.91999816894531,59.91999816894531,59.810001373291016,59.810001373291016,121,RVHL,2025-09
2025-09-19 06:45:00+00:00,59.91999816894531,59.91999816894531,59.9900016784668,59.91999816894531,59.9900016784668,206,RVHL,2025-09
2025-09-19 06:50:00+00:00,59.93999862670898,59.93999862670898,59.93999862670898,59.93000030517578,59.93000030517578,695,RVHL,2025-09
2025-09-19 06:55:00+00:00,59.93000030517578,59.93000030517578,59.93000030517578,59.93000030517578,59.93000030517578,154,RVHL,2025-09
2025-09-19 07:10:00+00:00,59.93000030517578,59.93000030517578,59.93000030517578,59.93000030517578,59.93000030517578,346,RVHL,2025-09
2025-09-19 07:15:00+00:00,59.79999923706055,59.79999923706055,59.79999923706055,59.79999923706055,59.79999923706055,156,RVHL,2025-09
2025-09-19 07:20:00+00:00,59.83000183105469,59.83000183105469,59.9900016784668,59.83000183105469,59.9900016784668,552,RVHL,2025-09
2025-09-19 07:25:00+00:00,59.83000183105469,59.83000183105469,59.83000183105469,59.83000183105469,59.83000183105469,211,RVHL,2025-09
2025-09-19 07:30:00+00:00,59.790000915527344,59.790000915527344,59.79999923706055,59.790000915527344,59.79999923706055,4417,RVHL,2025-09
2025-09-19 07:35:00+00:00,59.77999877929688,59.77999877929688,60.06999969482422,59.77000045776367,60.06999969482422,13873,RVHL,2025-09
2025-09-19 07:40:00+00:00,59.79999923706055,59.79999923706055,59.79999923706055,59.77999877929688,59.77999877929688,159,RVHL,2025-09
2025-09-19 07:45:00+00:00,59.84999847412109,59.84999847412109,59.86000061035156,59.84999847412109,59.86000061035156,201,RVHL,2025-09
2025-09-19 07:50:00+00:00,59.77999877929688,59.77999877929688,59.790000915527344,59.77999877929688,59.790000915527344,29,RVHL,2025-09
2025-09-19 07:55:00+00:00,59.43999862670898,59.43999862670898,59.59000015258789,59.34999847412109,59.5,2673,RVHL,2025-09
2025-09-19 08:00:00+00:00,59.4900016784668,59.4900016784668,59.4900016784668,59.34999847412109,59.43999862670898,157,RVHL,2025-09
2025-09-19 08:05:00+00:00,59.45000076293945,59.45000076293945,59.45000076293945,59.34999847412109,59.34999847412109,0,RVHL,2025-09
2025-09-19 08:10:00+00:00,59.400001525878906,59.400001525878906,59.45000076293945,59.400001525878906,59.45000076293945,280,RVHL,2025-09
2025-09-19 08:15:00+00:00,59.45000076293945,59.45000076293945,59.45000076293945,59.43999862670898,59.43999862670898,289,RVHL,2025-09
2025-09-19 08:20:00+00:00,59.56999969482422,59.56999969482422,59.56999969482422,59.47999954223633,59.47999954223633,68,RVHL,2025-09
2025-09-19 08:25:00+00:00,59.52000045776367,59.52000045776367,59.52000045776367,59.52000045776367,59.52000045776367,87,RVHL,2025-09
2025-09-19 08:30:00+00:00,59.56999969482422,59.56999969482422,59.56999969482422,59.56999969482422,59.56999969482422,10,RVHL,2025-09
2025-09-19 08:35:00+00:00,59.59999847412109,59.59999847412109,59.7599983215332,59.47999954223633,59.56999969482422,10720,RVHL,2025-09
2025-09-19 08:40:00+00:00,59.36000061035156,59.36000061035156,59.47999954223633,59.34999847412109,59.47999954223633,2588,RVHL,2025-09
2025-09-19 08:45:00+00:00,59.400001525878906,59.400001525878906,59.400001525878906,59.34999847412109,59.34999847412109,207,RVHL,2025-09
2025-09-19 08:50:00+00:00,59.400001525878906,59.400001525878906,59.400001525878906,59.34999847412109,59.34999847412109,129,RVHL,2025-09
2025-09-19 08:55:00+00:00,59.400001525878906,59.400001525878906,59.400001525878906,59.400001525878906,59.400001525878906,1,RVHL,2025-09
2025-09-19 09:00:00+00:00,59.310001373291016,59.310001373291016,59.34999847412109,59.310001373291016,59.34999847412109,1121,RVHL,2025-09
2025-09-19 09:05:00+00:00,59.58000183105469,59.58000183105469,59.58000183105469,59.16999816894531,59.29999923706055,1418,RVHL,2025-09
2025-09-19 09:10:00+00:00,59.63999938964844,59.63999938964844,59.790000915527344,59.31999969482422,59.31999969482422,162,RVHL,2025-09
2025-09-19 09:15:00+00:00,59.650001525878906,59.650001525878906,59.77000045776367,59.630001068115234,59.70000076293945,37,RVHL,2025-09
2025-09-19 09:20:00+00:00,59.88999938964844,59.88999938964844,59.88999938964844,59.66999816894531,59.66999816894531,2,RVHL,2025-09
2025-09-19 09:25:00+00:00,59.84999847412109,59.84999847412109,59.84999847412109,59.84999847412109,59.84999847412109,2,RVHL,2025-09
2025-09-19 09:30:00+00:00,59.58000183105469,59.58000183105469,59.84999847412109,59.58000183105469,59.84999847412109,156,RVHL,2025-09
2025-09-19 09:35:00+00:00,59.5,59.5,59.75,59.5,59.58000183105469,407,RVHL,2025-09
2025-09-19 09:40:00+00:00,59.52000045776367,59.52000045776367,59.59999847412109,59.5,59.5,951,RVHL,2025-09
2025-09-19 09:45:00+00:00,59.9900016784668,59.9900016784668,59.9900016784668,59.52000045776367,59.52000045776367,1459,RVHL,2025-09
2025-09-19 09:50:00+00:00,60.0,60.0,60.0,59.5,60.0,3863,RVHL,2025-09
2025-09-19 09:55:00+00:00,59.810001373291016,59.810001373291016,59.9900016784668,59.59999847412109,59.9900016784668,836,RVHL,2025-09
2025-09-22 03:45:00+00:00,59.810001373291016,59.810001373291016,59.810001373291016,59.810001373291016,59.810001373291016,0,RVHL,2025-09
2025-09-22 03:50:00+00:00,59.25,59.25,59.25,59.25,59.25,545,RVHL,2025-09
2025-09-22 03:55:00+00:00,58.70000076293945,58.70000076293945,59.0,58.70000076293945,59.0,311,RVHL,2025-09
2025-09-22 04:00:00+00:00,58.40999984741211,58.40999984741211,58.40999984741211,58.40999984741211,58.40999984741211,0,RVHL,2025-09
2025-09-22 04:05:00+00:00,57.84999847412109,57.84999847412109,57.93999862670898,57.84999847412109,57.93999862670898,127,RVHL,2025-09
2025-09-22 04:10:00+00:00,57.5099983215332,57.5099983215332,57.93999862670898,57.5099983215332,57.84999847412109,1488,RVHL,2025-09
2025-09-22 04:15:00+00:00,57.93000030517578,57.93000030517578,57.93999862670898,57.93000030517578,57.93999862670898,81,RVHL,2025-09
2025-09-22 04:20:00+00:00,57.93999862670898,57.93999862670898,57.93999862670898,57.93000030517578,57.93000030517578,393,RVHL,2025-09
2025-09-22 04:30:00+00:00,57.900001525878906,57.900001525878906,57.900001525878906,57.5,57.5,857,RVHL,2025-09
2025-09-22 04:35:00+00:00,57.5,57.5,57.900001525878906,57.5,57.900001525878906,0,RVHL,2025-09
2025-09-22 04:40:00+00:00,57.5,57.5,57.75,57.5,57.5,786,RVHL,2025-09
2025-09-22 04:45:00+00:00,57.5,57.5,57.5,57.29999923706055,57.29999923706055,248,RVHL,2025-09
2025-09-22 05:05:00+00:00,57.45000076293945,57.45000076293945,57.45000076293945,57.45000076293945,57.45000076293945,98,RVHL,2025-09
2025-09-22 05:10:00+00:00,56.84999847412109,56.84999847412109,57.5,56.84999847412109,57.5,3961,RVHL,2025-09
2025-09-22 05:15:00+00:00,57.5,57.5,57.5,56.84999847412109,56.84999847412109,200,RVHL,2025-09
2025-09-22 05:20:00+00:00,56.84999847412109,56.84999847412109,56.84999847412109,56.84999847412109,56.84999847412109,0,RVHL,2025-09
2025-09-22 05:25:00+00:00,57.5,57.5,57.5,57.45000076293945,57.45000076293945,273,RVHL,2025-09
2025-09-22 05:30:00+00:00,57.5,57.5,57.5,57.5,57.5,907,RVHL,2025-09
2025-09-22 05:55:00+00:00,57.0,57.0,57.5,57.0,57.5,895,RVHL,2025-09
2025-09-22 06:00:00+00:00,57.5,57.5,57.5,56.84999847412109,56.84999847412109,202,RVHL,2025-09
2025-09-22 06:05:00+00:00,56.84999847412109,56.84999847412109,56.84999847412109,56.84999847412109,56.84999847412109,299,RVHL,2025-09
2025-09-22 06:10:00+00:00,56.810001373291016,56.810001373291016,56.84999847412109,56.810001373291016,56.84999847412109,2859,RVHL,2025-09
2025-09-22 06:15:00+00:00,59.70000076293945,59.70000076293945,59.790000915527344,56.810001373291016,56.810001373291016,0,RVHL,2025-09
2025-09-22 06:20:00+00:00,57.0,57.0,57.0,57.0,57.0,27,RVHL,2025-09
2025-09-22 06:25:00+00:00,59.4900016784668,59.4900016784668,59.4900016784668,59.4900016784668,59.4900016784668,2,RVHL,2025-09
2025-09-22 06:30:00+00:00,58.88999938964844,58.88999938964844,58.88999938964844,58.88999938964844,58.88999938964844,214,RVHL,2025-09
2025-09-22 06:50:00+00:00,57.0,57.0,57.0,57.0,57.0,441,RVHL,2025-09
2025-09-22 06:55:00+00:00,56.810001373291016,56.810001373291016,56.810001373291016,56.810001373291016,56.810001373291016,316,RVHL,2025-09
2025-09-22 07:00:00+00:00,58.45000076293945,58.45000076293945,58.45000076293945,58.45000076293945,58.45000076293945,0,RVHL,2025-09
2025-09-22 07:05:00+00:00,58.45000076293945,58.45000076293945,58.45000076293945,57.04999923706055,57.04999923706055,508,RVHL,2025-09
2025-09-22 07:10:00+00:00,58.45000076293945,58.45000076293945,58.45000076293945,58.45000076293945,58.45000076293945,0,RVHL,2025-09
2025-09-22 07:15:00+00:00,57.0099983215332,57.0099983215332,58.45000076293945,57.0099983215332,58.45000076293945,101,RVHL,2025-09
2025-09-22 07:20:00+00:00,58.45000076293945,58.45000076293945,58.45000076293945,58.45000076293945,58.45000076293945,0,RVHL,2025-09
2025-09-22 07:35:00+00:00,58.45000076293945,58.45000076293945,58.45000076293945,58.400001525878906,58.400001525878906,1017,RVHL,2025-09
2025-09-22 07:40:00+00:00,58.45000076293945,58.45000076293945,58.45000076293945,58.45000076293945,58.45000076293945,0,RVHL,2025-09
2025-09-22 08:20:00+00:00,56.810001373291016,56.810001373291016,58.380001068115234,56.810001373291016,58.0,2172,RVHL,2025-09
2025-09-22 08:30:00+00:00,58.29999923706055,58.29999923706055,58.29999923706055,56.810001373291016,56.810001373291016,0,RVHL,2025-09
2025-09-22 08:40:00+00:00,56.810001373291016,56.810001373291016,56.810001373291016,56.810001373291016,56.810001373291016,742,RVHL,2025-09
2025-09-22 08:45:00+00:00,56.810001373291016,56.810001373291016,58.18000030517578,56.810001373291016,58.18000030517578,0,RVHL,2025-09
2025-09-22 08:50:00+00:00,58.27999877929688,58.27999877929688,58.27999877929688,58.27999877929688,58.27999877929688,2663,RVHL,2025-09
2025-09-22 08:55:00+00:00,58.27000045776367,58.27000045776367,58.27000045776367,58.27000045776367,58.27000045776367,0,RVHL,2025-09
2025-09-22 09:00:00+00:00,58.20000076293945,58.20000076293945,58.20000076293945,56.83000183105469,56.83000183105469,4,RVHL,2025-09
2025-09-22 09:15:00+00:00,56.880001068115234,56.880001068115234,56.880001068115234,56.880001068115234,56.880001068115234,399,RVHL,2025-09
2025-09-22 09:20:00+00:00,57.0,57.0,57.0,57.0,57.0,1446,RVHL,2025-09
2025-09-22 09:45:00+00:00,58.0,58.0,58.0,57.0,57.0,1891,RVHL,2025-09
2025-09-22 09:55:00+00:00,58.08000183105469,58.08000183105469,58.5,57.0,57.0,1151,RVHL,2025-09
2025-09-23 03:45:00+00:00,56.0,56.0,56.0,56.0,56.0,0,RVHL,2025-09
2025-09-23 03:50:00+00:00,58.45000076293945,58.45000076293945,58.45000076293945,56.09999847412109,56.09999847412109,497,RVHL,2025-09
2025-09-23 03:55:00+00:00,58.38999938964844,58.38999938964844,58.38999938964844,58.38999938964844,58.38999938964844,99,RVHL,2025-09
2025-09-23 04:05:00+00:00,58.09000015258789,58.09000015258789,58.380001068115234,58.04999923706055,58.380001068115234,3,RVHL,2025-09
2025-09-23 04:10:00+00:00,57.88999938964844,57.88999938964844,57.88999938964844,56.0,56.5,1591,RVHL,2025-09
2025-09-23 04:15:00+00:00,57.79999923706055,57.79999923706055,57.79999923706055,57.79999923706055,57.79999923706055,2,RVHL,2025-09
2025-09-23 04:35:00+00:00,57.68999862670898,57.68999862670898,57.68999862670898,57.52000045776367,57.52000045776367,433,RVHL,2025-09
2025-09-23 04:40:00+00:00,57.68999862670898,57.68999862670898,57.68999862670898,57.68999862670898,57.68999862670898,0,RVHL,2025-09
2025-09-23 04:45:00+00:00,57.68999862670898,57.68999862670898,57.68999862670898,56.02000045776367,57.68999862670898,134,RVHL,2025-09
2025-09-23 04:50:00+00:00,56.0099983215332,56.0099983215332,56.0099983215332,56.0099983215332,56.0099983215332,499,RVHL,2025-09
2025-09-23 04:55:00+00:00,56.0099983215332,56.0099983215332,56.0099983215332,56.0099983215332,56.0099983215332,20,RVHL,2025-09
2025-09-23 05:00:00+00:00,56.0,56.0,56.0,56.0,56.0,390,RVHL,2025-09
2025-09-23 05:05:00+00:00,57.0,57.0,57.0,57.0,57.0,2,RVHL,2025-09
2025-09-23 05:15:00+00:00,56.0,56.0,56.0,56.0,56.0,499,RVHL,2025-09
2025-09-23 05:25:00+00:00,57.0,57.0,57.0,56.9900016784668,56.9900016784668,554,RVHL,2025-09
2025-09-23 05:35:00+00:00,56.29999923706055,56.29999923706055,56.29999923706055,56.29999923706055,56.29999923706055,9,RVHL,2025-09
2025-09-23 05:40:00+00:00,57.0,57.0,57.0,56.29999923706055,56.29999923706055,7,RVHL,2025-09
2025-09-23 05:45:00+00:00,56.02000045776367,56.02000045776367,56.02000045776367,56.02000045776367,56.02000045776367,151,RVHL,2025-09
2025-09-23 05:50:00+00:00,56.02000045776367,56.02000045776367,56.04999923706055,56.02000045776367,56.04999923706055,203,RVHL,2025-09
2025-09-23 06:00:00+00:00,56.9900016784668,56.9900016784668,56.9900016784668,56.9900016784668,56.9900016784668,1,RVHL,2025-09
2025-09-23 06:45:00+00:00,56.04999923706055,56.04999923706055,56.04999923706055,56.04999923706055,56.04999923706055,100,RVHL,2025-09
2025-09-23 07:00:00+00:00,56.04999923706055,56.04999923706055,56.04999923706055,56.04999923706055,56.04999923706055,1,RVHL,2025-09
2025-09-23 07:05:00+00:00,56.88999938964844,56.88999938964844,56.88999938964844,56.88999938964844,56.88999938964844,189,RVHL,2025-09
2025-09-23 07:10:00+00:00,56.88999938964844,56.88999938964844,56.88999938964844,56.88999938964844,56.88999938964844,0,RVHL,2025-09
2025-09-23 07:15:00+00:00,56.0,56.0,56.0,56.0,56.0,636,RVHL,2025-09
2025-09-23 07:20:00+00:00,56.88999938964844,56.88999938964844,56.88999938964844,56.0,56.0,286,RVHL,2025-09
2025-09-23 07:30:00+00:00,56.84999847412109,56.84999847412109,56.84999847412109,56.84999847412109,56.84999847412109,0,RVHL,2025-09
2025-09-23 07:50:00+00:00,56.04999923706055,56.04999923706055,56.04999923706055,56.04999923706055,56.04999923706055,2,RVHL,2025-09
2025-09-23 08:05:00+00:00,56.84999847412109,56.84999847412109,56.84999847412109,56.84999847412109,56.84999847412109,2,RVHL,2025-09
2025-09-23 08:15:00+00:00,56.84999847412109,56.84999847412109,56.84999847412109,56.84999847412109,56.84999847412109,16,RVHL,2025-09
2025-09-23 08:30:00+00:00,56.060001373291016,56.060001373291016,56.84999847412109,56.060001373291016,56.84999847412109,101,RVHL,2025-09
2025-09-23 08:40:00+00:00,56.060001373291016,56.060001373291016,56.060001373291016,56.060001373291016,56.060001373291016,34,RVHL,2025-09
2025-09-23 08:45:00+00:00,56.060001373291016,56.060001373291016,56.060001373291016,56.060001373291016,56.060001373291016,0,RVHL,2025-09
2025-09-23 09:00:00+00:00,56.84000015258789,56.84000015258789,56.84000015258789,56.84000015258789,56.84000015258789,2,RVHL,2025-09
2025-09-23 09:15:00+00:00,56.84000015258789,56.84000015258789,56.84000015258789,56.84000015258789,56.84000015258789,238,RVHL,2025-09
2025-09-23 09:30:00+00:00,56.060001373291016,56.060001373291016,56.060001373291016,56.060001373291016,56.060001373291016,30,RVHL,2025-09
2025-09-23 09:35:00+00:00,56.84999847412109,56.84999847412109,56.84999847412109,56.060001373291016,56.060001373291016,616,RVHL,2025-09
2025-09-23 09:45:00+00:00,56.84999847412109,56.84999847412109,56.84999847412109,56.56999969482422,56.84999847412109,3,RVHL,2025-09
2025-09-23 09:50:00+00:00,56.59999847412109,56.59999847412109,56.59999847412109,56.59999847412109,56.59999847412109,60,RVHL,2025-09
2025-09-23 09:55:00+00:00,56.27999877929688,56.27999877929688,56.5,56.04999923706055,56.4900016784668,289,RVHL,2025-09
2025-09-24 03:55:00+00:00,57.630001068115234,57.630001068115234,57.630001068115234,56.5,56.5,143,RVHL,2025-09
2025-09-24 04:00:00+00:00,57.630001068115234,57.630001068115234,57.630001068115234,57.630001068115234,57.630001068115234,0,RVHL,2025-09
2025-09-24 04:10:00+00:00,57.59999847412109,57.59999847412109,57.59999847412109,57.0,57.0,565,RVHL,2025-09
2025-09-24 04:15:00+00:00,57.0,57.0,57.0,57.0,57.0,0,RVHL,2025-09
2025-09-24 04:25:00+00:00,56.5,56.5,57.0,56.5,57.0,6,RVHL,2025-09
2025-09-24 04:30:00+00:00,56.400001525878906,56.400001525878906,56.400001525878906,56.400001525878906,56.400001525878906,540,RVHL,2025-09
2025-09-24 04:35:00+00:00,55.25,55.25,56.400001525878906,55.25,56.400001525878906,0,RVHL,2025-09
2025-09-24 04:40:00+00:00,55.27999877929688,55.27999877929688,55.27999877929688,55.27999877929688,55.27999877929688,607,RVHL,2025-09
2025-09-24 04:45:00+00:00,55.25,55.25,55.25,55.25,55.25,782,RVHL,2025-09
2025-09-24 04:50:00+00:00,55.29999923706055,55.29999923706055,55.29999923706055,55.29999923706055,55.29999923706055,0,RVHL,2025-09
2025-09-24 05:00:00+00:00,55.150001525878906,55.150001525878906,55.150001525878906,55.150001525878906,55.150001525878906,300,RVHL,2025-09
2025-09-24 05:25:00+00:00,55.150001525878906,55.150001525878906,55.150001525878906,55.150001525878906,55.150001525878906,80,RVHL,2025-09
2025-09-24 05:35:00+00:00,56.84999847412109,56.84999847412109,56.84999847412109,56.84999847412109,56.84999847412109,166,RVHL,2025-09
2025-09-24 05:40:00+00:00,55.150001525878906,55.150001525878906,55.150001525878906,55.150001525878906,55.150001525878906,735,RVHL,2025-09
2025-09-24 05:45:00+00:00,54.5,54.5,54.5,54.5,54.5,1737,RVHL,2025-09
2025-09-24 05:50:00+00:00,55.0,55.0,55.0,55.0,55.0,40,RVHL,2025-09
2025-09-24 05:55:00+00:00,56.45000076293945,56.45000076293945,56.45000076293945,56.45000076293945,56.45000076293945,0,RVHL,2025-09
2025-09-24 06:05:00+00:00,55.0,55.0,55.0,55.0,55.0,10,RVHL,2025-09
2025-09-24 06:10:00+00:00,56.0,56.0,56.0,56.0,56.0,0,RVHL,2025-09
2025-09-24 06:45:00+00:00,55.9900016784668,55.9900016784668,55.9900016784668,55.0,55.0,27,RVHL,2025-09
2025-09-24 06:50:00+00:00,55.9900016784668,55.9900016784668,55.9900016784668,55.9900016784668,55.9900016784668,99,RVHL,2025-09
2025-09-24 07:55:00+00:00,55.9900016784668,55.9900016784668,55.9900016784668,55.9900016784668,55.9900016784668,25,RVHL,2025-09
2025-09-24 08:05:00+00:00,54.5,54.5,54.5,54.5,54.5,1014,RVHL,2025-09
2025-09-24 08:10:00+00:00,54.5,54.5,54.5,54.5,54.5,6,RVHL,2025-09
2025-09-24 08:20:00+00:00,56.0,56.0,56.0,56.0,56.0,2054,RVHL,2025-09
2025-09-24 08:30:00+00:00,56.0,56.0,56.0,56.0,56.0,1848,RVHL,2025-09
2025-09-24 08:35:00+00:00,56.70000076293945,56.70000076293945,56.70000076293945,56.70000076293945,56.70000076293945,0,RVHL,2025-09
2025-09-24 08:55:00+00:00,56.900001525878906,56.900001525878906,56.900001525878906,56.0,56.0,818,RVHL,2025-09
2025-09-24 09:00:00+00:00,56.0099983215332,56.0099983215332,56.0099983215332,56.0099983215332,56.0099983215332,0,RVHL,2025-09
2025-09-24 09:10:00+00:00,57.4900016784668,57.4900016784668,57.4900016784668,57.4900016784668,57.4900016784668,20,RVHL,2025-09
2025-09-24 09:15:00+00:00,56.9900016784668,56.9900016784668,56.9900016784668,56.9900016784668,56.9900016784668,250,RVHL,2025-09
2025-09-24 09:20:00+00:00,57.0,57.0,57.0,57.0,57.0,1368,RVHL,2025-09
2025-09-24 09:25:00+00:00,57.0,57.0,57.0,57.0,57.0,2,RVHL,2025-09
2025-09-24 09:30:00+00:00,56.09999847412109,56.09999847412109,56.09999847412109,56.09999847412109,56.09999847412109,199,RVHL,2025-09
2025-09-24 09:35:00+00:00,56.04999923706055,56.04999923706055,56.04999923706055,56.04999923706055,56.04999923706055,2,RVHL,2025-09
2025-09-24 09:40:00+00:00,56.0099983215332,56.0099983215332,56.0099983215332,56.0099983215332,56.0099983215332,700,RVHL,2025-09
2025-09-24 09:45:00+00:00,56.0,56.0,57.0,56.0,57.0,8193,RVHL,2025-09
2025-09-24 09:55:00+00:00,56.0,56.0,56.209999084472656,56.0,56.209999084472656,10,RVHL,2025-09
2025-09-25 04:10:00+00:00,55.720001220703125,55.720001220703125,55.720001220703125,55.720001220703125,55.720001220703125,0,RVHL,2025-09
2025-09-25 04:25:00+00:00,55.72999954223633,55.72999954223633,55.72999954223633,55.72999954223633,55.72999954223633,140,RVHL,2025-09
2025-09-25 04:45:00+00:00,55.75,55.75,55.75,55.75,55.75,1,RVHL,2025-09
2025-09-25 04:55:00+00:00,55.84000015258789,55.84000015258789,55.84000015258789,55.84000015258789,55.84000015258789,10,RVHL,2025-09
2025-09-25 05:05:00+00:00,55.0,55.0,55.79999923706055,55.0,55.79999923706055,2500,RVHL,2025-09
2025-09-25 05:20:00+00:00,54.58000183105469,54.58000183105469,54.58000183105469,54.58000183105469,54.58000183105469,91,RVHL,2025-09
2025-09-25 05:30:00+00:00,54.5099983215332,54.5099983215332,54.54999923706055,54.5099983215332,54.54999923706055,1084,RVHL,2025-09
2025-09-25 05:35:00+00:00,54.5099983215332,54.5099983215332,54.5099983215332,54.5099983215332,54.5099983215332,0,RVHL,2025-09
2025-09-25 05:45:00+00:00,55.0,55.0,55.0,55.0,55.0,100,RVHL,2025-09
2025-09-25 06:10:00+00:00,55.0,55.0,55.0,55.0,55.0,100,RVHL,2025-09
2025-09-25 06:35:00+00:00,56.290000915527344,56.290000915527344,56.290000915527344,56.0,56.0,550,RVHL,2025-09
2025-09-25 07:10:00+00:00,56.09999847412109,56.09999847412109,56.09999847412109,56.09999847412109,56.09999847412109,2,RVHL,2025-09
2025-09-25 07:15:00+00:00,55.09999847412109,55.09999847412109,55.09999847412109,55.09999847412109,55.09999847412109,207,RVHL,2025-09
2025-09-25 07:35:00+00:00,55.02000045776367,55.02000045776367,55.02000045776367,55.02000045776367,55.02000045776367,696,RVHL,2025-09
2025-09-25 07:40:00+00:00,56.09000015258789,56.09000015258789,56.09000015258789,56.09000015258789,56.09000015258789,0,RVHL,2025-09
2025-09-25 08:10:00+00:00,55.02000045776367,55.02000045776367,55.02000045776367,55.02000045776367,55.02000045776367,83,RVHL,2025-09
2025-09-25 08:15:00+00:00,55.02000045776367,55.02000045776367,55.02000045776367,55.02000045776367,55.02000045776367,67,RVHL,2025-09
2025-09-25 08:25:00+00:00,55.02000045776367,55.02000045776367,55.02000045776367,55.02000045776367,55.02000045776367,10,RVHL,2025-09
2025-09-25 08:45:00+00:00,56.20000076293945,56.20000076293945,56.20000076293945,55.02000045776367,55.02000045776367,926,RVHL,2025-09
2025-09-25 08:50:00+00:00,55.0099983215332,55.0099983215332,55.0099983215332,55.0099983215332,55.0099983215332,168,RVHL,2025-09
2025-09-25 08:55:00+00:00,56.2400016784668,56.2400016784668,56.2400016784668,56.2400016784668,56.2400016784668,0,RVHL,2025-09
2025-09-25 09:00:00+00:00,55.0099983215332,55.0099983215332,55.0099983215332,55.0099983215332,55.0099983215332,1,RVHL,2025-09
2025-09-25 09:05:00+00:00,55.70000076293945,55.70000076293945,55.790000915527344,55.70000076293945,55.790000915527344,3,RVHL,2025-09
2025-09-25 09:15:00+00:00,55.79999923706055,55.79999923706055,55.79999923706055,55.79999923706055,55.79999923706055,1167,RVHL,2025-09
2025-09-25 09:20:00+00:00,56.9900016784668,56.9900016784668,56.9900016784668,56.9900016784668,56.9900016784668,1332,RVHL,2025-09
2025-09-25 09:35:00+00:00,55.09999847412109,55.09999847412109,55.09999847412109,55.09999847412109,55.09999847412109,400,RVHL,2025-09
2025-09-25 09:40:00+00:00,55.09999847412109,55.09999847412109,55.09999847412109,55.09999847412109,55.09999847412109,0,RVHL,2025-09
2025-09-25 09:45:00+00:00,56.0,56.0,56.0,56.0,56.0,0,RVHL,2025-09
2025-09-25 09:55:00+00:00,56.65999984741211,56.65999984741211,57.0,56.0,56.0,1525,RVHL,2025-09
2025-09-26 03:45:00+00:00,54.40999984741211,54.40999984741211,54.40999984741211,54.40999984741211,54.40999984741211,0,RVHL,2025-09
2025-09-26 04:05:00+00:00,55.25,55.25,55.25,55.25,55.25,140,RVHL,2025-09
2025-09-26 04:20:00+00:00,56.5,56.5,56.5,56.45000076293945,56.45000076293945,300,RVHL,2025-09
2025-09-26 04:40:00+00:00,56.5,56.5,56.5,56.5,56.5,100,RVHL,2025-09
2025-09-26 04:50:00+00:00,56.45000076293945,56.45000076293945,56.45000076293945,56.45000076293945,56.45000076293945,50,RVHL,2025-09
2025-09-26 04:55:00+00:00,53.81999969482422,53.81999969482422,55.0,53.81999969482422,55.0,4905,RVHL,2025-09
2025-09-26 05:05:00+00:00,55.93000030517578,55.93000030517578,55.93000030517578,55.93000030517578,55.93000030517578,50,RVHL,2025-09
2025-09-26 05:25:00+00:00,55.86000061035156,55.86000061035156,55.86000061035156,55.86000061035156,55.86000061035156,50,RVHL,2025-09
2025-09-26 05:40:00+00:00,55.09999847412109,55.09999847412109,55.09999847412109,55.09999847412109,55.09999847412109,2488,RVHL,2025-09
2025-09-26 05:45:00+00:00,54.59999847412109,54.59999847412109,54.59999847412109,54.59999847412109,54.59999847412109,0,RVHL,2025-09
2025-09-26 05:50:00+00:00,55.5,55.5,55.5,54.83000183105469,54.83000183105469,619,RVHL,2025-09
2025-09-26 06:00:00+00:00,54.5,54.5,54.5,54.5,54.5,0,RVHL,2025-09
2025-09-26 07:15:00+00:00,55.4900016784668,55.4900016784668,55.4900016784668,55.4900016784668,55.4900016784668,1,RVHL,2025-09
2025-09-26 07:30:00+00:00,54.619998931884766,54.619998931884766,54.619998931884766,54.619998931884766,54.619998931884766,2,RVHL,2025-09
2025-09-26 07:35:00+00:00,55.47999954223633,55.47999954223633,55.47999954223633,55.47999954223633,55.47999954223633,2,RVHL,2025-09
2025-09-26 07:50:00+00:00,55.43000030517578,55.43000030517578,55.43000030517578,55.43000030517578,55.43000030517578,2,RVHL,2025-09
2025-09-26 08:15:00+00:00,54.630001068115234,54.630001068115234,54.630001068115234,54.630001068115234,54.630001068115234,3,RVHL,2025-09
2025-09-26 08:30:00+00:00,54.630001068115234,54.630001068115234,54.630001068115234,54.630001068115234,54.630001068115234,753,RVHL,2025-09
2025-09-26 08:35:00+00:00,54.630001068115234,54.630001068115234,54.630001068115234,54.630001068115234,54.630001068115234,0,RVHL,2025-09
2025-09-26 08:55:00+00:00,54.630001068115234,54.630001068115234,55.0,54.630001068115234,55.0,656,RVHL,2025-09
2025-09-26 09:05:00+00:00,55.0,55.0,55.0,54.630001068115234,54.630001068115234,0,RVHL,2025-09
2025-09-26 09:15:00+00:00,55.0,55.0,55.0,55.0,55.0,9,RVHL,2025-09
2025-09-26 09:20:00+00:00,55.0,55.0,55.0,55.0,55.0,72,RVHL,2025-09
2025-09-26 09:30:00+00:00,55.0,55.0,55.0,55.0,55.0,350,RVHL,2025-09
2025-09-26 09:40:00+00:00,54.630001068115234,54.630001068115234,54.630001068115234,54.630001068115234,54.630001068115234,5,RVHL,2025-09
2025-09-26 09:50:00+00:00,54.619998931884766,54.619998931884766,54.619998931884766,54.619998931884766,54.619998931884766,823,RVHL,2025-09
2025-09-26 09:55:00+00:00,54.220001220703125,54.220001220703125,54.220001220703125,54.0,54.0,2322,RVHL,2025-09
2025-09-29 03:45:00+00:00,54.0,54.0,54.0,54.0,54.0,0,RVHL,2025-09
2025-09-29 03:50:00+00:00,54.0,54.0,54.0,54.0,54.0,0,RVHL,2025-09
2025-09-29 03:55:00+00:00,54.0,54.0,54.0,54.0,54.0,1,RVHL,2025-09
2025-09-29 04:40:00+00:00,53.9900016784668,53.9900016784668,53.9900016784668,53.9900016784668,53.9900016784668,10,RVHL,2025-09
2025-09-29 05:15:00+00:00,54.0,54.0,54.0,53.9900016784668,53.9900016784668,1000,RVHL,2025-09
2025-09-29 05:25:00+00:00,52.900001525878906,52.900001525878906,52.900001525878906,52.900001525878906,52.900001525878906,300,RVHL,2025-09
2025-09-29 05:30:00+00:00,54.5,54.5,54.5,53.0,53.0,1104,RVHL,2025-09
2025-09-29 05:55:00+00:00,53.0,53.0,53.0,53.0,53.0,129,RVHL,2025-09
2025-09-29 06:10:00+00:00,54.0,54.0,54.0,54.0,54.0,100,RVHL,2025-09
2025-09-29 06:20:00+00:00,54.0,54.0,54.0,53.09999847412109,53.11000061035156,1319,RVHL,2025-09
2025-09-29 06:25:00+00:00,53.9900016784668,53.9900016784668,53.9900016784668,52.900001525878906,53.9900016784668,0,RVHL,2025-09
2025-09-29 06:45:00+00:00,54.0,54.0,54.0,53.9900016784668,53.9900016784668,1044,RVHL,2025-09
2025-09-29 06:50:00+00:00,53.25,53.25,54.0,53.25,54.0,58,RVHL,2025-09
2025-09-29 07:05:00+00:00,54.0,54.0,54.0,54.0,54.0,498,RVHL,2025-09
2025-09-29 07:10:00+00:00,53.9900016784668,53.9900016784668,53.9900016784668,53.9900016784668,53.9900016784668,1000,RVHL,2025-09
2025-09-29 07:15:00+00:00,54.0,54.0,54.0,53.9900016784668,53.9900016784668,3499,RVHL,2025-09
2025-09-29 07:20:00+00:00,54.22999954223633,54.22999954223633,54.22999954223633,54.22999954223633,54.22999954223633,30,RVHL,2025-09
2025-09-29 07:45:00+00:00,54.0,54.0,54.0,54.0,54.0,430,RVHL,2025-09
2025-09-29 07:55:00+00:00,54.0,54.0,54.0,54.0,54.0,250,RVHL,2025-09
2025-09-29 08:10:00+00:00,54.0,54.0,54.5,54.0,54.5,140,RVHL,2025-09
2025-09-29 08:15:00+00:00,54.0,54.0,54.5,54.0,54.5,57,RVHL,2025-09
2025-09-29 08:20:00+00:00,55.0,55.0,55.0,54.5,54.5,51,RVHL,2025-09
2025-09-29 08:25:00+00:00,55.0,55.0,55.0,55.0,55.0,10,RVHL,2025-09
2025-09-29 08:55:00+00:00,55.0,55.0,55.0,55.0,55.0,90,RVHL,2025-09
2025-09-29 09:00:00+00:00,54.5,54.5,54.5,54.5,54.5,0,RVHL,2025-09
2025-09-29 09:10:00+00:00,55.0,55.0,55.0,55.0,55.0,11,RVHL,2025-09
2025-09-29 09:20:00+00:00,54.5,54.5,54.5,54.5,54.5,16,RVHL,2025-09
2025-09-29 09:25:00+00:00,55.0,55.0,55.0,55.0,55.0,110,RVHL,2025-09
2025-09-29 09:30:00+00:00,55.0,55.0,55.0,55.0,55.0,0,RVHL,2025-09
2025-09-29 09:40:00+00:00,55.0,55.0,55.0,55.0,55.0,100,RVHL,2025-09
2025-09-29 09:55:00+00:00,53.86000061035156,53.86000061035156,55.0,53.25,53.70000076293945,1192,RVHL,2025-09
2025-09-30 03:55:00+00:00,53.79999923706055,53.79999923706055,53.79999923706055,53.79999923706055,53.79999923706055,0,RVHL,2025-09
2025-09-30 04:00:00+00:00,54.900001525878906,54.900001525878906,54.900001525878906,53.79999923706055,53.79999923706055,51,RVHL,2025-09
2025-09-30 04:10:00+00:00,54.20000076293945,54.20000076293945,54.20000076293945,54.20000076293945,54.20000076293945,200,RVHL,2025-09
2025-09-30 04:20:00+00:00,53.560001373291016,53.560001373291016,53.560001373291016,53.560001373291016,53.560001373291016,1773,RVHL,2025-09
2025-09-30 04:25:00+00:00,54.20000076293945,54.20000076293945,54.20000076293945,53.79999923706055,53.79999923706055,2077,RVHL,2025-09
2025-09-30 04:35:00+00:00,54.20000076293945,54.20000076293945,54.20000076293945,54.20000076293945,54.20000076293945,10,RVHL,2025-09
2025-09-30 04:55:00+00:00,54.20000076293945,54.20000076293945,54.20000076293945,54.20000076293945,54.20000076293945,188,RVHL,2025-09
2025-09-30 05:10:00+00:00,54.20000076293945,54.20000076293945,54.20000076293945,54.20000076293945,54.20000076293945,226,RVHL,2025-09
2025-09-30 05:45:00+00:00,54.20000076293945,54.20000076293945,54.20000076293945,54.20000076293945,54.20000076293945,106,RVHL,2025-09
2025-09-30 06:20:00+00:00,55.0,55.0,55.0,55.0,55.0,230,RVHL,2025-09
2025-09-30 06:25:00+00:00,54.04999923706055,54.04999923706055,55.5,54.04999923706055,55.5,2569,RVHL,2025-09
2025-09-30 06:30:00+00:00,55.97999954223633,55.97999954223633,55.97999954223633,55.97999954223633,55.97999954223633,0,RVHL,2025-09
2025-09-30 07:25:00+00:00,55.470001220703125,55.470001220703125,55.470001220703125,55.470001220703125,55.470001220703125,20,RVHL,2025-09
2025-09-30 07:30:00+00:00,55.459999084472656,55.459999084472656,55.459999084472656,55.459999084472656,55.459999084472656,170,RVHL,2025-09
2025-09-30 07:35:00+00:00,55.0,55.0,55.45000076293945,55.0,55.45000076293945,0,RVHL,2025-09
2025-09-30 07:45:00+00:00,54.400001525878906,54.400001525878906,54.400001525878906,54.400001525878906,54.400001525878906,50,RVHL,2025-09
2025-09-30 08:20:00+00:00,54.66999816894531,54.66999816894531,54.66999816894531,54.66999816894531,54.66999816894531,4,RVHL,2025-09
2025-09-30 08:25:00+00:00,54.0,54.0,54.400001525878906,54.0,54.400001525878906,136,RVHL,2025-09
2025-09-30 08:30:00+00:00,54.0,54.0,54.0,54.0,54.0,2827,RVHL,2025-09
2025-09-30 08:40:00+00:00,54.880001068115234,54.880001068115234,54.880001068115234,53.79999923706055,53.79999923706055,1097,RVHL,2025-09
2025-09-30 08:45:00+00:00,54.880001068115234,54.880001068115234,54.900001525878906,53.79999923706055,53.79999923706055,668,RVHL,2025-09
2025-09-30 08:55:00+00:00,54.880001068115234,54.880001068115234,54.880001068115234,53.79999923706055,53.79999923706055,11,RVHL,2025-09
2025-09-30 09:05:00+00:00,53.79999923706055,53.79999923706055,53.79999923706055,53.79999923706055,53.79999923706055,10,RVHL,2025-09
2025-09-30 09:30:00+00:00,54.869998931884766,54.869998931884766,54.869998931884766,54.869998931884766,54.869998931884766,40,RVHL,2025-09
2025-09-30 09:50:00+00:00,54.84000015258789,54.84000015258789,54.84999847412109,53.79999923706055,53.79999923706055,101,RVHL,2025-09
2025-09-30 09:55:00+00:00,54.84000015258789,54.84000015258789,54.84000015258789,54.84000015258789,54.84000015258789,16,RVHL,2025-09
2025-10-01 03:45:00+00:00,53.0099983215332,53.0099983215332,53.0099983215332,53.0099983215332,53.0099983215332,0,RVHL,2025-10
2025-10-01 04:00:00+00:00,53.0099983215332,53.0099983215332,53.0099983215332,53.0099983215332,53.0099983215332,742,RVHL,2025-10
2025-10-01 04:05:00+00:00,53.20000076293945,53.20000076293945,53.20000076293945,53.0099983215332,53.0099983215332,11,RVHL,2025-10
2025-10-01 04:15:00+00:00,52.09000015258789,52.09000015258789,52.09000015258789,52.09000015258789,52.09000015258789,653,RVHL,2025-10
2025-10-01 04:30:00+00:00,53.09000015258789,53.09000015258789,53.09000015258789,53.09000015258789,53.09000015258789,106,RVHL,2025-10
2025-10-01 04:50:00+00:00,53.34999847412109,53.34999847412109,53.34999847412109,53.34999847412109,53.34999847412109,2,RVHL,2025-10
2025-10-01 05:05:00+00:00,53.5,53.5,53.5,53.5,53.5,40,RVHL,2025-10
2025-10-01 05:10:00+00:00,53.5,53.5,53.5,53.5,53.5,6,RVHL,2025-10
2025-10-01 05:15:00+00:00,55.0,55.0,55.0,53.34999847412109,53.34999847412109,436,RVHL,2025-10
2025-10-01 05:30:00+00:00,53.34999847412109,53.34999847412109,53.34999847412109,53.34999847412109,53.34999847412109,425,RVHL,2025-10
2025-10-01 06:00:00+00:00,54.45000076293945,54.45000076293945,54.45000076293945,54.45000076293945,54.45000076293945,50,RVHL,2025-10
2025-10-01 06:10:00+00:00,53.34999847412109,53.34999847412109,53.34999847412109,53.34999847412109,53.34999847412109,5,RVHL,2025-10
2025-10-01 06:45:00+00:00,54.79999923706055,54.79999923706055,54.79999923706055,54.79999923706055,54.79999923706055,1,RVHL,2025-10
2025-10-01 07:05:00+00:00,53.650001525878906,53.650001525878906,53.650001525878906,53.650001525878906,53.650001525878906,112,RVHL,2025-10
2025-10-01 07:15:00+00:00,53.34999847412109,53.34999847412109,53.34999847412109,53.34999847412109,53.34999847412109,344,RVHL,2025-10
2025-10-01 07:25:00+00:00,53.34999847412109,53.34999847412109,53.34999847412109,53.34999847412109,53.34999847412109,15,RVHL,2025-10
2025-10-01 07:30:00+00:00,53.34999847412109,53.34999847412109,53.34999847412109,53.34999847412109,53.34999847412109,1,RVHL,2025-10
2025-10-01 07:50:00+00:00,53.34999847412109,53.34999847412109,53.34999847412109,53.34999847412109,53.34999847412109,1,RVHL,2025-10
2025-10-01 07:55:00+00:00,53.34999847412109,53.34999847412109,53.34999847412109,53.34999847412109,53.34999847412109,2,RVHL,2025-10
2025-10-01 08:10:00+00:00,53.9900016784668,53.9900016784668,53.9900016784668,53.9900016784668,53.9900016784668,200,RVHL,2025-10
2025-10-01 08:15:00+00:00,53.34999847412109,53.34999847412109,53.34999847412109,53.34999847412109,53.34999847412109,0,RVHL,2025-10
2025-10-01 08:30:00+00:00,53.34999847412109,53.34999847412109,53.34999847412109,53.34999847412109,53.34999847412109,200,RVHL,2025-10
2025-10-01 09:05:00+00:00,53.34999847412109,53.34999847412109,53.34999847412109,53.34999847412109,53.34999847412109,100,RVHL,2025-10
2025-10-01 09:10:00+00:00,53.97999954223633,53.97999954223633,53.97999954223633,53.97999954223633,53.97999954223633,48,RVHL,2025-10
2025-10-01 09:15:00+00:00,53.34999847412109,53.34999847412109,53.34999847412109,53.34999847412109,53.34999847412109,172,RVHL,2025-10
2025-10-01 09:40:00+00:00,54.0,54.0,54.0,54.0,54.0,547,RVHL,2025-10
2025-10-01 09:50:00+00:00,53.9900016784668,53.9900016784668,53.9900016784668,53.34999847412109,53.34999847412109,203,RVHL,2025-10
2025-10-01 09:55:00+00:00,53.959999084472656,53.959999084472656,54.79999923706055,53.959999084472656,53.9900016784668,195,RVHL,2025-10
2025-10-03 03:45:00+00:00,52.5,52.5,52.5,52.5,52.5,0,RVHL,2025-10
2025-10-03 03:50:00+00:00,52.5,52.5,52.5,52.5,52.5,95,RVHL,2025-10
2025-10-03 04:05:00+00:00,53.04999923706055,53.04999923706055,53.04999923706055,53.04999923706055,53.04999923706055,15,RVHL,2025-10
2025-10-03 04:25:00+00:00,56.0,56.0,56.0,53.75,53.75,201,RVHL,2025-10
2025-10-03 04:35:00+00:00,55.0,55.0,55.0,55.0,55.0,31,RVHL,2025-10
2025-10-03 04:45:00+00:00,54.95000076293945,54.95000076293945,54.95000076293945,53.0,53.0,907,RVHL,2025-10
2025-10-03 04:50:00+00:00,54.900001525878906,54.900001525878906,54.900001525878906,54.900001525878906,54.900001525878906,102,RVHL,2025-10
2025-10-03 05:00:00+00:00,53.09999847412109,53.09999847412109,53.09999847412109,53.09999847412109,53.09999847412109,257,RVHL,2025-10
2025-10-03 05:20:00+00:00,54.880001068115234,54.880001068115234,54.900001525878906,54.880001068115234,54.900001525878906,2,RVHL,2025-10
2025-10-03 05:45:00+00:00,53.29999923706055,53.29999923706055,53.29999923706055,53.29999923706055,53.29999923706055,350,RVHL,2025-10
2025-10-03 06:00:00+00:00,54.790000915527344,54.790000915527344,54.79999923706055,54.790000915527344,54.79999923706055,21,RVHL,2025-10
2025-10-03 06:05:00+00:00,54.77999877929688,54.77999877929688,54.77999877929688,54.77999877929688,54.77999877929688,0,RVHL,2025-10
2025-10-03 06:15:00+00:00,54.75,54.75,54.75,54.75,54.75,1,RVHL,2025-10
2025-10-03 06:30:00+00:00,54.75,54.75,54.75,54.75,54.75,148,RVHL,2025-10
2025-10-03 06:35:00+00:00,54.75,54.75,54.75,54.75,54.75,0,RVHL,2025-10
2025-10-03 06:55:00+00:00,54.70000076293945,54.70000076293945,54.70000076293945,54.70000076293945,54.70000076293945,861,RVHL,2025-10
2025-10-03 07:40:00+00:00,54.650001525878906,54.650001525878906,54.650001525878906,54.650001525878906,54.650001525878906,1,RVHL,2025-10
2025-10-03 08:20:00+00:00,54.68999862670898,54.68999862670898,54.68999862670898,54.68999862670898,54.68999862670898,684,RVHL,2025-10
2025-10-03 08:25:00+00:00,54.75,54.75,54.75,54.68999862670898,54.68999862670898,641,RVHL,2025-10
2025-10-03 08:30:00+00:00,53.61000061035156,53.61000061035156,54.75,53.61000061035156,54.75,0,RVHL,2025-10
2025-10-03 08:40:00+00:00,54.75,54.75,54.75,54.75,54.75,2,RVHL,2025-10
2025-10-03 08:45:00+00:00,53.61000061035156,53.61000061035156,53.61000061035156,53.61000061035156,53.61000061035156,99,RVHL,2025-10
2025-10-03 08:50:00+00:00,54.75,54.75,54.75,54.75,54.75,1,RVHL,2025-10
2025-10-03 09:15:00+00:00,54.75,54.75,54.75,54.75,54.75,273,RVHL,2025-10
2025-10-03 09:25:00+00:00,53.61000061035156,53.61000061035156,53.61000061035156,53.61000061035156,53.61000061035156,8,RVHL,2025-10
2025-10-03 09:30:00+00:00,54.5,54.5,54.5,53.869998931884766,53.869998931884766,997,RVHL,2025-10
2025-10-03 09:35:00+00:00,54.75,54.75,54.75,53.61000061035156,54.75,470,RVHL,2025-10
2025-10-03 09:45:00+00:00,54.75,54.75,54.75,54.75,54.75,1571,RVHL,2025-10
2025-10-03 09:50:00+00:00,54.75,54.75,54.75,54.75,54.75,0,RVHL,2025-10
2025-10-03 09:55:00+00:00,54.58000183105469,54.58000183105469,54.88999938964844,54.58000183105469,54.88999938964844,162,RVHL,2025-10
2025-10-06 03:45:00+00:00,56.5,56.5,56.790000915527344,56.5,56.790000915527344,0,RVHL,2025-10
2025-10-06 03:50:00+00:00,56.4900016784668,56.4900016784668,56.5,56.4900016784668,56.5,670,RVHL,2025-10
2025-10-06 03:55:00+00:00,56.0,56.0,56.5099983215332,55.59999847412109,56.5099983215332,851,RVHL,2025-10
2025-10-06 04:00:00+00:00,55.900001525878906,55.900001525878906,55.900001525878906,55.900001525878906,55.900001525878906,83,RVHL,2025-10
2025-10-06 04:05:00+00:00,57.29999923706055,57.29999923706055,57.29999923706055,56.0,56.0,11129,RVHL,2025-10
2025-10-06 04:10:00+00:00,57.29999923706055,57.29999923706055,57.29999923706055,57.29999923706055,57.29999923706055,1724,RVHL,2025-10
2025-10-06 04:20:00+00:00,57.29999923706055,57.29999923706055,57.29999923706055,57.29999923706055,57.29999923706055,1450,RVHL,2025-10
2025-10-06 04:25:00+00:00,57.29999923706055,57.29999923706055,57.29999923706055,57.29999923706055,57.29999923706055,100,RVHL,2025-10
2025-10-06 04:30:00+00:00,57.29999923706055,57.29999923706055,57.29999923706055,57.29999923706055,57.29999923706055,478,RVHL,2025-10
2025-10-06 04:35:00+00:00,57.29999923706055,57.29999923706055,57.29999923706055,57.29999923706055,57.29999923706055,87,RVHL,2025-10
2025-10-06 04:40:00+00:00,57.29999923706055,57.29999923706055,57.29999923706055,57.29999923706055,57.29999923706055,590,RVHL,2025-10
2025-10-06 04:45:00+00:00,57.29999923706055,57.29999923706055,57.29999923706055,57.29999923706055,57.29999923706055,1167,RVHL,2025-10
2025-10-06 04:50:00+00:00,57.29999923706055,57.29999923706055,57.29999923706055,57.29999923706055,57.29999923706055,0,RVHL,2025-10
2025-10-06 04:55:00+00:00,57.29999923706055,57.29999923706055,57.29999923706055,57.29999923706055,57.29999923706055,6424,RVHL,2025-10
2025-10-06 05:00:00+00:00,57.29999923706055,57.29999923706055,57.29999923706055,57.29999923706055,57.29999923706055,957,RVHL,2025-10
2025-10-06 05:20:00+00:00,57.29999923706055,57.29999923706055,57.29999923706055,57.29999923706055,57.29999923706055,120,RVHL,2025-10
2025-10-06 05:25:00+00:00,57.29999923706055,57.29999923706055,57.29999923706055,57.29999923706055,57.29999923706055,140,RVHL,2025-10
2025-10-06 05:30:00+00:00,57.29999923706055,57.29999923706055,57.29999923706055,57.29999923706055,57.29999923706055,400,RVHL,2025-10
2025-10-06 05:40:00+00:00,57.29999923706055,57.29999923706055,57.29999923706055,57.29999923706055,57.29999923706055,210,RVHL,2025-10
2025-10-06 06:05:00+00:00,57.29999923706055,57.29999923706055,57.29999923706055,57.29999923706055,57.29999923706055,3,RVHL,2025-10
2025-10-06 06:25:00+00:00,57.29999923706055,57.29999923706055,57.29999923706055,57.29999923706055,57.29999923706055,7,RVHL,2025-10
2025-10-06 06:35:00+00:00,57.29999923706055,57.29999923706055,57.29999923706055,57.29999923706055,57.29999923706055,306,RVHL,2025-10
2025-10-06 06:40:00+00:00,57.0,57.0,57.0,57.0,57.0,2,RVHL,2025-10
2025-10-06 06:45:00+00:00,57.29999923706055,57.29999923706055,57.29999923706055,57.29999923706055,57.29999923706055,99,RVHL,2025-10
2025-10-06 06:50:00+00:00,57.0099983215332,57.0099983215332,57.29999923706055,57.0099983215332,57.29999923706055,502,RVHL,2025-10
2025-10-06 06:55:00+00:00,57.0099983215332,57.0099983215332,57.0099983215332,57.0099983215332,57.0099983215332,221,RVHL,2025-10
2025-10-06 07:05:00+00:00,57.29999923706055,57.29999923706055,57.29999923706055,57.29999923706055,57.29999923706055,409,RVHL,2025-10
2025-10-06 07:20:00+00:00,57.29999923706055,57.29999923706055,57.29999923706055,57.29999923706055,57.29999923706055,54,RVHL,2025-10
2025-10-06 07:30:00+00:00,56.709999084472656,56.709999084472656,56.709999084472656,56.709999084472656,56.709999084472656,33,RVHL,2025-10
2025-10-06 07:35:00+00:00,57.29999923706055,57.29999923706055,57.29999923706055,57.29999923706055,57.29999923706055,10,RVHL,2025-10
2025-10-06 07:45:00+00:00,57.29999923706055,57.29999923706055,57.29999923706055,57.29999923706055,57.29999923706055,90,RVHL,2025-10
2025-10-06 08:35:00+00:00,57.29999923706055,57.29999923706055,57.29999923706055,57.29999923706055,57.29999923706055,50,RVHL,2025-10
2025-10-06 08:40:00+00:00,57.29999923706055,57.29999923706055,57.29999923706055,57.29999923706055,57.29999923706055,1,RVHL,2025-10
2025-10-06 08:55:00+00:00,57.29999923706055,57.29999923706055,57.29999923706055,57.29999923706055,57.29999923706055,200,RVHL,2025-10
2025-10-06 09:05:00+00:00,57.29999923706055,57.29999923706055,57.29999923706055,57.29999923706055,57.29999923706055,155,RVHL,2025-10
2025-10-06 09:10:00+00:00,57.29999923706055,57.29999923706055,57.29999923706055,57.29999923706055,57.29999923706055,45,RVHL,2025-10
2025-10-06 09:20:00+00:00,57.29999923706055,57.29999923706055,57.29999923706055,57.29999923706055,57.29999923706055,975,RVHL,2025-10
2025-10-06 09:30:00+00:00,57.29999923706055,57.29999923706055,57.29999923706055,57.29999923706055,57.29999923706055,297,RVHL,2025-10
2025-10-06 09:35:00+00:00,57.29999923706055,57.29999923706055,57.29999923706055,57.29999923706055,57.29999923706055,37,RVHL,2025-10
2025-10-06 09:50:00+00:00,57.29999923706055,57.29999923706055,57.29999923706055,57.29999923706055,57.29999923706055,6,RVHL,2025-10
2025-10-07 03:45:00+00:00,60.0,60.0,60.15999984741211,55.15999984741211,55.15999984741211,0,RVHL,2025-10
2025-10-07 03:50:00+00:00,59.4900016784668,59.4900016784668,59.4900016784668,59.4900016784668,59.4900016784668,2,RVHL,2025-10
2025-10-07 03:55:00+00:00,60.15999984741211,60.15999984741211,60.15999984741211,59.400001525878906,59.5,13731,RVHL,2025-10
2025-10-07 04:00:00+00:00,60.15999984741211,60.15999984741211,60.15999984741211,60.15999984741211,60.15999984741211,1666,RVHL,2025-10
2025-10-07 04:05:00+00:00,60.15999984741211,60.15999984741211,60.15999984741211,60.15999984741211,60.15999984741211,170,RVHL,2025-10
2025-10-07 04:10:00+00:00,60.15999984741211,60.15999984741211,60.15999984741211,60.15999984741211,60.15999984741211,515,RVHL,2025-10
2025-10-07 04:25:00+00:00,60.15999984741211,60.15999984741211,60.15999984741211,60.15999984741211,60.15999984741211,375,RVHL,2025-10
2025-10-07 04:30:00+00:00,60.15999984741211,60.15999984741211,60.15999984741211,60.15999984741211,60.15999984741211,0,RVHL,2025-10
2025-10-07 04:35:00+00:00,60.15999984741211,60.15999984741211,60.15999984741211,60.15999984741211,60.15999984741211,998,RVHL,2025-10
2025-10-07 04:40:00+00:00,60.15999984741211,60.15999984741211,60.15999984741211,60.15999984741211,60.15999984741211,5350,RVHL,2025-10
2025-10-07 04:45:00+00:00,60.15999984741211,60.15999984741211,60.15999984741211,60.15999984741211,60.15999984741211,401,RVHL,2025-10
2025-10-07 05:00:00+00:00,60.0,60.0,60.0,60.0,60.0,8900,RVHL,2025-10
2025-10-07 05:05:00+00:00,60.0,60.0,60.0,59.0,59.0,0,RVHL,2025-10
2025-10-07 05:10:00+00:00,59.5,59.5,60.0,59.0,60.0,6759,RVHL,2025-10
2025-10-07 05:15:00+00:00,59.9900016784668,59.9900016784668,59.9900016784668,59.9900016784668,59.9900016784668,0,RVHL,2025-10
2025-10-07 05:20:00+00:00,60.15999984741211,60.15999984741211,60.15999984741211,58.59999847412109,60.15999984741211,3494,RVHL,2025-10
2025-10-07 05:25:00+00:00,58.59999847412109,58.59999847412109,60.15999984741211,58.59999847412109,60.15999984741211,118,RVHL,2025-10
2025-10-07 05:30:00+00:00,60.15999984741211,60.15999984741211,60.15999984741211,60.15999984741211,60.15999984741211,0,RVHL,2025-10
2025-10-07 05:35:00+00:00,60.15999984741211,60.15999984741211,60.15999984741211,60.15999984741211,60.15999984741211,14,RVHL,2025-10
2025-10-07 05:50:00+00:00,60.0,60.0,60.0,58.59999847412109,58.59999847412109,465,RVHL,2025-10
2025-10-07 05:55:00+00:00,60.0,60.0,60.0,60.0,60.0,1834,RVHL,2025-10
2025-10-07 06:15:00+00:00,60.0,60.0,60.0,60.0,60.0,12585,RVHL,2025-10
2025-10-07 06:20:00+00:00,60.0,60.0,60.0,58.0,58.0,4021,RVHL,2025-10
2025-10-07 06:30:00+00:00,59.79999923706055,59.79999923706055,59.79999923706055,59.79999923706055,59.79999923706055,4,RVHL,2025-10
2025-10-07 06:35:00+00:00,59.5,59.5,59.5,58.70000076293945,58.70000076293945,5,RVHL,2025-10
2025-10-07 06:40:00+00:00,59.5,59.5,59.5,59.5,59.5,1533,RVHL,2025-10
2025-10-07 07:00:00+00:00,59.5,59.5,59.5,59.5,59.5,1300,RVHL,2025-10
2025-10-07 07:10:00+00:00,59.0,59.0,59.0,58.5,58.70000076293945,3300,RVHL,2025-10
2025-10-07 07:20:00+00:00,59.0,59.0,59.0,59.0,59.0,4496,RVHL,2025-10
2025-10-07 07:35:00+00:00,59.0,59.0,59.0,59.0,59.0,2,RVHL,2025-10
2025-10-07 07:55:00+00:00,58.5,58.5,58.5,58.29999923706055,58.29999923706055,580,RVHL,2025-10
2025-10-07 08:00:00+00:00,57.59000015258789,57.59000015258789,58.0,57.59000015258789,58.0,1140,RVHL,2025-10
2025-10-07 08:05:00+00:00,57.59000015258789,57.59000015258789,57.59000015258789,57.59000015258789,57.59000015258789,80,RVHL,2025-10
2025-10-07 08:10:00+00:00,57.59000015258789,57.59000015258789,57.59000015258789,57.59000015258789,57.59000015258789,960,RVHL,2025-10
2025-10-07 08:20:00+00:00,57.59000015258789,57.59000015258789,57.59000015258789,57.59000015258789,57.59000015258789,0,RVHL,2025-10
2025-10-07 08:35:00+00:00,57.29999923706055,57.29999923706055,57.29999923706055,57.29999923706055,57.29999923706055,295,RVHL,2025-10
2025-10-07 08:40:00+00:00,57.29999923706055,57.29999923706055,57.59000015258789,57.29999923706055,57.59000015258789,23748,RVHL,2025-10
2025-10-07 08:45:00+00:00,57.59000015258789,57.59000015258789,57.59000015258789,57.59000015258789,57.59000015258789,480,RVHL,2025-10
2025-10-07 09:00:00+00:00,57.59000015258789,57.59000015258789,57.59000015258789,57.59000015258789,57.59000015258789,1,RVHL,2025-10
2025-10-07 09:15:00+00:00,57.59000015258789,57.59000015258789,57.59000015258789,57.59000015258789,57.59000015258789,30,RVHL,2025-10
2025-10-07 09:25:00+00:00,57.0,57.0,57.59000015258789,57.0,57.59000015258789,2068,RVHL,2025-10
2025-10-07 09:30:00+00:00,58.5,58.5,58.5,55.0,55.0,5348,RVHL,2025-10
2025-10-07 09:35:00+00:00,58.4900016784668,58.4900016784668,58.4900016784668,58.0,58.0,173,RVHL,2025-10
2025-10-07 09:40:00+00:00,58.5,58.5,58.95000076293945,58.5,58.5,14154,RVHL,2025-10
2025-10-07 09:45:00+00:00,59.5,59.5,59.5,58.5,58.5,0,RVHL,2025-10
2025-10-07 09:50:00+00:00,59.0,59.0,59.0,58.5,58.5,0,RVHL,2025-10
2025-10-07 09:55:00+00:00,57.77000045776367,57.77000045776367,58.5,57.77000045776367,58.5,2530,RVHL,2025-10
2025-10-08 03:45:00+00:00,57.88999938964844,57.88999938964844,57.88999938964844,57.88999938964844,57.88999938964844,0,RVHL,2025-10
2025-10-08 03:50:00+00:00,57.630001068115234,57.630001068115234,57.880001068115234,56.5,57.880001068115234,0,RVHL,2025-10
2025-10-08 03:55:00+00:00,57.59999847412109,57.59999847412109,57.59999847412109,57.59999847412109,57.59999847412109,0,RVHL,2025-10
2025-10-08 04:00:00+00:00,56.5,56.5,56.5,56.5,56.5,1628,RVHL,2025-10
2025-10-08 04:05:00+00:00,57.880001068115234,57.880001068115234,57.880001068115234,56.5,56.5,0,RVHL,2025-10
2025-10-08 04:15:00+00:00,56.720001220703125,56.720001220703125,56.720001220703125,56.720001220703125,56.720001220703125,10,RVHL,2025-10
2025-10-08 04:20:00+00:00,56.720001220703125,56.720001220703125,56.720001220703125,56.720001220703125,56.720001220703125,5,RVHL,2025-10
2025-10-08 04:25:00+00:00,56.720001220703125,56.720001220703125,56.720001220703125,56.720001220703125,56.720001220703125,0,RVHL,2025-10
2025-10-08 05:10:00+00:00,56.52000045776367,56.52000045776367,56.52000045776367,56.52000045776367,56.52000045776367,348,RVHL,2025-10
2025-10-08 05:15:00+00:00,57.68999862670898,57.68999862670898,57.68999862670898,57.68999862670898,57.68999862670898,294,RVHL,2025-10
2025-10-08 05:35:00+00:00,56.5,56.5,57.40999984741211,56.5,57.40999984741211,203,RVHL,2025-10
2025-10-08 05:45:00+00:00,56.52000045776367,56.52000045776367,56.52000045776367,56.52000045776367,56.52000045776367,0,RVHL,2025-10
2025-10-08 05:50:00+00:00,60.0,60.0,60.0,60.0,60.0,12935,RVHL,2025-10
2025-10-08 06:05:00+00:00,58.79999923706055,58.79999923706055,58.79999923706055,58.79999923706055,58.79999923706055,0,RVHL,2025-10
2025-10-08 06:10:00+00:00,59.91999816894531,59.91999816894531,59.91999816894531,59.91999816894531,59.91999816894531,5,RVHL,2025-10
2025-10-08 06:15:00+00:00,59.79999923706055,59.79999923706055,59.79999923706055,59.79999923706055,59.79999923706055,4,RVHL,2025-10
2025-10-08 06:20:00+00:00,58.54999923706055,58.54999923706055,58.54999923706055,58.54999923706055,58.54999923706055,202,RVHL,2025-10
2025-10-08 06:25:00+00:00,59.91999816894531,59.91999816894531,59.91999816894531,59.91999816894531,59.91999816894531,2400,RVHL,2025-10
2025-10-08 06:40:00+00:00,58.54999923706055,58.54999923706055,58.54999923706055,58.54999923706055,58.54999923706055,602,RVHL,2025-10
2025-10-08 06:45:00+00:00,58.29999923706055,58.29999923706055,58.29999923706055,58.29999923706055,58.29999923706055,0,RVHL,2025-10
2025-10-08 06:50:00+00:00,58.29999923706055,58.29999923706055,58.29999923706055,58.29999923706055,58.29999923706055,135,RVHL,2025-10
2025-10-08 07:20:00+00:00,58.29999923706055,58.29999923706055,58.29999923706055,58.29999923706055,58.29999923706055,3,RVHL,2025-10
2025-10-08 07:30:00+00:00,59.880001068115234,59.880001068115234,59.880001068115234,59.880001068115234,59.880001068115234,1,RVHL,2025-10
2025-10-08 07:35:00+00:00,60.0,60.0,60.0,60.0,60.0,4798,RVHL,2025-10
2025-10-08 07:40:00+00:00,58.65999984741211,58.65999984741211,59.0,58.65999984741211,59.0,2119,RVHL,2025-10
2025-10-08 07:55:00+00:00,58.65999984741211,58.65999984741211,58.65999984741211,58.65999984741211,58.65999984741211,1,RVHL,2025-10
2025-10-08 08:05:00+00:00,59.93999862670898,59.93999862670898,59.93999862670898,59.93999862670898,59.93999862670898,7,RVHL,2025-10
2025-10-08 08:10:00+00:00,59.95000076293945,59.95000076293945,59.95000076293945,59.95000076293945,59.95000076293945,1606,RVHL,2025-10
2025-10-08 08:15:00+00:00,60.0,60.0,60.0,60.0,60.0,1709,RVHL,2025-10
2025-10-08 08:20:00+00:00,60.0,60.0,60.0,60.0,60.0,5000,RVHL,2025-10
2025-10-08 08:25:00+00:00,59.9900016784668,59.9900016784668,59.9900016784668,59.9900016784668,59.9900016784668,0,RVHL,2025-10
2025-10-08 08:35:00+00:00,58.310001373291016,58.310001373291016,58.310001373291016,58.310001373291016,58.310001373291016,999,RVHL,2025-10
2025-10-08 08:40:00+00:00,59.70000076293945,59.70000076293945,59.70000076293945,59.70000076293945,59.70000076293945,0,RVHL,2025-10
2025-10-08 08:50:00+00:00,59.40999984741211,59.40999984741211,59.40999984741211,59.40999984741211,59.40999984741211,134,RVHL,2025-10
2025-10-08 08:55:00+00:00,59.119998931884766,59.119998931884766,59.119998931884766,59.119998931884766,59.119998931884766,210,RVHL,2025-10
2025-10-08 09:00:00+00:00,59.40999984741211,59.40999984741211,59.40999984741211,59.40999984741211,59.40999984741211,0,RVHL,2025-10
2025-10-08 09:35:00+00:00,59.97999954223633,59.97999954223633,59.97999954223633,59.40999984741211,59.40999984741211,133,RVHL,2025-10
2025-10-08 09:40:00+00:00,59.40999984741211,59.40999984741211,59.40999984741211,59.40999984741211,59.40999984741211,754,RVHL,2025-10
2025-10-08 09:45:00+00:00,59.400001525878906,59.400001525878906,59.400001525878906,59.0,59.0,0,RVHL,2025-10
2025-10-08 09:50:00+00:00,59.40999984741211,59.40999984741211,59.40999984741211,59.0,59.0,10295,RVHL,2025-10
2025-10-08 09:55:00+00:00,59.27999877929688,59.27999877929688,59.40999984741211,58.0,59.40999984741211,407,RVHL,2025-10
2025-10-09 03:45:00+00:00,57.06999969482422,57.06999969482422,57.06999969482422,57.0099983215332,57.0099983215332,0,RVHL,2025-10
2025-10-09 03:55:00+00:00,59.27999877929688,59.27999877929688,59.27999877929688,59.27999877929688,59.27999877929688,1111,RVHL,2025-10
2025-10-09 04:00:00+00:00,59.27999877929688,59.27999877929688,59.27999877929688,59.27999877929688,59.27999877929688,0,RVHL,2025-10
2025-10-09 04:10:00+00:00,60.0,60.0,60.0,60.0,60.0,870,RVHL,2025-10
2025-10-09 04:15:00+00:00,60.0,60.0,60.0,60.0,60.0,719,RVHL,2025-10
2025-10-09 04:20:00+00:00,60.70000076293945,60.70000076293945,60.70000076293945,60.70000076293945,60.70000076293945,1900,RVHL,2025-10
2025-10-09 04:25:00+00:00,60.29999923706055,60.29999923706055,60.70000076293945,60.29999923706055,60.70000076293945,0,RVHL,2025-10
2025-10-09 04:30:00+00:00,60.0,60.0,60.0,60.0,60.0,35,RVHL,2025-10
2025-10-09 04:35:00+00:00,60.0,60.0,60.0,60.0,60.0,71,RVHL,2025-10
2025-10-09 04:45:00+00:00,58.5099983215332,58.5099983215332,58.54999923706055,58.5,58.54999923706055,366,RVHL,2025-10
2025-10-09 04:50:00+00:00,58.5099983215332,58.5099983215332,58.5099983215332,58.5099983215332,58.5099983215332,398,RVHL,2025-10
2025-10-09 05:00:00+00:00,59.0,59.0,59.0,59.0,59.0,147,RVHL,2025-10
2025-10-09 05:35:00+00:00,60.0,60.0,60.0,60.0,60.0,467,RVHL,2025-10
2025-10-09 05:45:00+00:00,60.0,60.0,60.0,60.0,60.0,1531,RVHL,2025-10
2025-10-09 06:10:00+00:00,59.5,59.5,59.5,59.5,59.5,5498,RVHL,2025-10
2025-10-09 06:15:00+00:00,58.84999847412109,58.84999847412109,60.0,58.61000061035156,60.0,0,RVHL,2025-10
2025-10-09 06:30:00+00:00,58.84999847412109,58.84999847412109,58.84999847412109,58.84999847412109,58.84999847412109,1,RVHL,2025-10
2025-10-09 06:35:00+00:00,59.9900016784668,59.9900016784668,59.9900016784668,59.9900016784668,59.9900016784668,1475,RVHL,2025-10
2025-10-09 06:40:00+00:00,60.0,60.0,60.0,58.86000061035156,58.86000061035156,0,RVHL,2025-10
2025-10-09 07:25:00+00:00,58.880001068115234,58.880001068115234,58.880001068115234,58.880001068115234,58.880001068115234,126,RVHL,2025-10
2025-10-09 07:30:00+00:00,58.880001068115234,58.880001068115234,58.880001068115234,58.880001068115234,58.880001068115234,210,RVHL,2025-10
2025-10-09 07:45:00+00:00,58.880001068115234,58.880001068115234,58.880001068115234,58.880001068115234,58.880001068115234,5,RVHL,2025-10
2025-10-09 08:15:00+00:00,58.880001068115234,58.880001068115234,58.880001068115234,58.880001068115234,58.880001068115234,2,RVHL,2025-10
2025-10-09 08:25:00+00:00,58.880001068115234,58.880001068115234,58.880001068115234,58.880001068115234,58.880001068115234,120,RVHL,2025-10
2025-10-09 08:30:00+00:00,58.880001068115234,58.880001068115234,58.880001068115234,58.880001068115234,58.880001068115234,459,RVHL,2025-10
2025-10-09 08:35:00+00:00,59.959999084472656,59.959999084472656,59.959999084472656,59.959999084472656,59.959999084472656,2,RVHL,2025-10
2025-10-09 08:45:00+00:00,60.0,60.0,60.0,60.0,60.0,833,RVHL,2025-10
2025-10-09 09:30:00+00:00,58.84999847412109,58.84999847412109,59.0,58.84999847412109,59.0,500,RVHL,2025-10
2025-10-09 09:40:00+00:00,59.900001525878906,59.900001525878906,59.900001525878906,59.34000015258789,59.34000015258789,5,RVHL,2025-10
2025-10-09 09:45:00+00:00,58.84999847412109,58.84999847412109,58.84999847412109,58.84999847412109,58.84999847412109,99,RVHL,2025-10
2025-10-09 09:50:00+00:00,58.84999847412109,58.84999847412109,58.84999847412109,58.84999847412109,58.84999847412109,0,RVHL,2025-10
2025-10-09 09:55:00+00:00,58.83000183105469,58.83000183105469,59.34000015258789,58.5099983215332,58.84999847412109,443,RVHL,2025-10
2025-10-10 03:55:00+00:00,58.09999847412109,58.09999847412109,58.09999847412109,58.09999847412109,58.09999847412109,0,RVHL,2025-10
2025-10-10 04:00:00+00:00,59.900001525878906,59.900001525878906,59.95000076293945,58.83000183105469,58.83000183105469,1443,RVHL,2025-10
2025-10-10 04:10:00+00:00,58.25,58.25,58.25,58.25,58.25,244,RVHL,2025-10
2025-10-10 04:15:00+00:00,58.25,58.25,58.25,58.25,58.25,578,RVHL,2025-10
2025-10-10 04:20:00+00:00,58.25,58.25,58.25,58.25,58.25,1052,RVHL,2025-10
2025-10-10 04:35:00+00:00,57.0099983215332,57.0099983215332,57.0099983215332,57.0099983215332,57.0099983215332,0,RVHL,2025-10
2025-10-10 05:05:00+00:00,57.0099983215332,57.0099983215332,57.0099983215332,57.0099983215332,57.0099983215332,1085,RVHL,2025-10
2025-10-10 05:10:00+00:00,57.04999923706055,57.04999923706055,57.04999923706055,57.04999923706055,57.04999923706055,0,RVHL,2025-10
2025-10-10 05:20:00+00:00,57.09999847412109,57.09999847412109,57.09999847412109,57.09999847412109,57.09999847412109,4,RVHL,2025-10
2025-10-10 05:35:00+00:00,59.0,59.0,59.0,59.0,59.0,800,RVHL,2025-10
2025-10-10 05:50:00+00:00,59.0,59.0,59.0,59.0,59.0,1,RVHL,2025-10
2025-10-10 06:15:00+00:00,59.5,59.5,59.5,59.5,59.5,605,RVHL,2025-10
2025-10-10 06:20:00+00:00,59.0,59.0,59.0,59.0,59.0,895,RVHL,2025-10
2025-10-10 07:05:00+00:00,59.0,59.0,59.0,59.0,59.0,38,RVHL,2025-10
2025-10-10 07:15:00+00:00,57.81999969482422,57.81999969482422,57.81999969482422,57.81999969482422,57.81999969482422,198,RVHL,2025-10
2025-10-10 07:25:00+00:00,58.9900016784668,58.9900016784668,58.9900016784668,58.9900016784668,58.9900016784668,10,RVHL,2025-10
2025-10-10 07:40:00+00:00,58.9900016784668,58.9900016784668,58.9900016784668,58.9900016784668,58.9900016784668,2,RVHL,2025-10
2025-10-10 07:45:00+00:00,58.97999954223633,58.97999954223633,58.97999954223633,58.97999954223633,58.97999954223633,10,RVHL,2025-10
2025-10-10 07:50:00+00:00,59.0,59.0,59.0,59.0,59.0,538,RVHL,2025-10
2025-10-10 07:55:00+00:00,58.97999954223633,58.97999954223633,58.97999954223633,58.97999954223633,58.97999954223633,0,RVHL,2025-10
2025-10-10 08:00:00+00:00,58.97999954223633,58.97999954223633,58.97999954223633,58.97999954223633,58.97999954223633,3994,RVHL,2025-10
2025-10-10 08:05:00+00:00,58.97999954223633,58.97999954223633,58.97999954223633,58.97999954223633,58.97999954223633,0,RVHL,2025-10
2025-10-10 08:10:00+00:00,58.97999954223633,58.97999954223633,58.97999954223633,58.97999954223633,58.97999954223633,4290,RVHL,2025-10
2025-10-10 08:15:00+00:00,58.97999954223633,58.97999954223633,58.97999954223633,58.97999954223633,58.97999954223633,19107,RVHL,2025-10
2025-10-10 08:20:00+00:00,58.97999954223633,58.97999954223633,58.97999954223633,58.97999954223633,58.97999954223633,2795,RVHL,2025-10
2025-10-10 08:25:00+00:00,58.97999954223633,58.97999954223633,58.97999954223633,58.97999954223633,58.97999954223633,4452,RVHL,2025-10
2025-10-10 08:30:00+00:00,58.97999954223633,58.97999954223633,58.97999954223633,58.97999954223633,58.97999954223633,0,RVHL,2025-10
2025-10-10 08:35:00+00:00,59.0,59.0,59.0,58.97999954223633,58.97999954223633,102,RVHL,2025-10
2025-10-10 08:40:00+00:00,59.0,59.0,59.0,59.0,59.0,140,RVHL,2025-10
2025-10-10 08:45:00+00:00,59.0,59.0,59.0,59.0,59.0,2920,RVHL,2025-10
2025-10-10 08:50:00+00:00,59.0,59.0,59.0,59.0,59.0,2000,RVHL,2025-10
2025-10-10 08:55:00+00:00,59.0,59.0,59.0,59.0,59.0,190,RVHL,2025-10
2025-10-10 09:00:00+00:00,59.0,59.0,59.0,59.0,59.0,0,RVHL,2025-10
2025-10-10 09:10:00+00:00,58.97999954223633,58.97999954223633,59.0,58.97999954223633,58.97999954223633,18000,RVHL,2025-10
2025-10-10 09:20:00+00:00,59.0,59.0,59.0,59.0,59.0,0,RVHL,2025-10
2025-10-10 09:25:00+00:00,58.97999954223633,58.97999954223633,59.0,58.97999954223633,59.0,8250,RVHL,2025-10
2025-10-10 09:30:00+00:00,59.0,59.0,59.0,59.0,59.0,10450,RVHL,2025-10
2025-10-10 09:40:00+00:00,59.5,59.5,59.5,59.0,59.0,5685,RVHL,2025-10
2025-10-10 09:45:00+00:00,59.0,59.0,59.5,59.0,59.5,366,RVHL,2025-10
2025-10-10 09:55:00+00:00,59.119998931884766,59.119998931884766,61.70000076293945,59.119998931884766,60.0,1025,RVHL,2025-10
2025-10-13 03:45:00+00:00,60.5,60.5,60.900001525878906,60.0,60.900001525878906,0,RVHL,2025-10
2025-10-13 03:50:00+00:00,60.5,60.5,60.5,60.5,60.5,14330,RVHL,2025-10
2025-10-13 04:00:00+00:00,60.5,60.5,60.5,60.5,60.5,0,RVHL,2025-10
2025-10-13 04:05:00+00:00,60.5,60.5,60.5,60.5,60.5,9994,RVHL,2025-10
2025-10-13 04:10:00+00:00,60.5,60.5,60.5,60.5,60.5,706,RVHL,2025-10
2025-10-13 04:15:00+00:00,60.5,60.5,60.5,60.5,60.5,544,RVHL,2025-10
2025-10-13 04:20:00+00:00,60.5,60.5,60.5,60.5,60.5,2936,RVHL,2025-10
2025-10-13 04:25:00+00:00,60.5,60.5,60.5,60.5,60.5,0,RVHL,2025-10
2025-10-13 04:30:00+00:00,60.75,60.75,60.75,60.75,60.75,491,RVHL,2025-10
2025-10-13 04:40:00+00:00,60.5,60.5,60.5,60.5,60.5,399,RVHL,2025-10
2025-10-13 04:45:00+00:00,60.5,60.5,60.5,60.5,60.5,590,RVHL,2025-10
2025-10-13 04:50:00+00:00,60.5,60.5,60.5,60.5,60.5,1200,RVHL,2025-10
2025-10-13 04:55:00+00:00,60.5,60.5,60.5,60.5,60.5,1797,RVHL,2025-10
2025-10-13 05:00:00+00:00,60.5,60.5,60.5,60.5,60.5,250,RVHL,2025-10
2025-10-13 05:15:00+00:00,61.0,61.0,61.0,60.5,60.5,3312,RVHL,2025-10
2025-10-13 05:20:00+00:00,61.0,61.0,61.0,61.0,61.0,244,RVHL,2025-10
2025-10-13 05:25:00+00:00,60.5,60.5,60.5,60.5,60.5,130,RVHL,2025-10
2025-10-13 05:30:00+00:00,60.5,60.5,60.5,60.5,60.5,450,RVHL,2025-10
2025-10-13 05:35:00+00:00,60.5,60.5,60.5,60.5,60.5,100,RVHL,2025-10
2025-10-13 06:10:00+00:00,60.5,60.5,60.5,60.5,60.5,4,RVHL,2025-10
2025-10-13 06:15:00+00:00,61.0,61.0,61.0,61.0,61.0,764,RVHL,2025-10
2025-10-13 06:30:00+00:00,60.5,60.5,61.0,60.5,61.0,662,RVHL,2025-10
2025-10-13 06:40:00+00:00,60.5,60.5,60.5,60.5,60.5,875,RVHL,2025-10
2025-10-13 06:45:00+00:00,60.5,60.5,60.5,60.5,60.5,0,RVHL,2025-10
2025-10-13 06:50:00+00:00,61.0,61.0,61.0,61.0,61.0,500,RVHL,2025-10
2025-10-13 07:35:00+00:00,61.29999923706055,61.29999923706055,61.29999923706055,61.29999923706055,61.29999923706055,5,RVHL,2025-10
2025-10-13 07:50:00+00:00,61.290000915527344,61.290000915527344,61.290000915527344,61.290000915527344,61.290000915527344,123,RVHL,2025-10
2025-10-13 08:10:00+00:00,61.290000915527344,61.290000915527344,61.290000915527344,61.290000915527344,61.290000915527344,20,RVHL,2025-10
2025-10-13 08:25:00+00:00,60.5,60.5,60.5,60.5,60.5,486,RVHL,2025-10
2025-10-13 08:30:00+00:00,60.5,60.5,60.5,60.5,60.5,0,RVHL,2025-10
2025-10-13 08:35:00+00:00,60.5099983215332,60.5099983215332,60.5099983215332,60.5099983215332,60.5099983215332,7,RVHL,2025-10
2025-10-13 09:05:00+00:00,60.5099983215332,60.5099983215332,60.5099983215332,60.5099983215332,60.5099983215332,10,RVHL,2025-10
2025-10-13 09:10:00+00:00,60.5099983215332,60.5099983215332,60.5099983215332,60.5099983215332,60.5099983215332,400,RVHL,2025-10
2025-10-13 09:30:00+00:00,60.5,60.5,60.5099983215332,60.5,60.5099983215332,1050,RVHL,2025-10
2025-10-13 09:40:00+00:00,61.18999862670898,61.18999862670898,61.18999862670898,61.18999862670898,61.18999862670898,1990,RVHL,2025-10
2025-10-13 09:45:00+00:00,61.18000030517578,61.18000030517578,61.18000030517578,60.5,60.5,0,RVHL,2025-10
2025-10-13 09:50:00+00:00,61.0,61.0,61.0,61.0,61.0,24,RVHL,2025-10
2025-10-13 09:55:00+00:00,60.470001220703125,60.470001220703125,61.18000030517578,60.09999847412109,60.09999847412109,13000,RVHL,2025-10
2025-10-14 03:55:00+00:00,61.2400016784668,61.2400016784668,61.2400016784668,61.2400016784668,61.2400016784668,0,RVHL,2025-10
2025-10-14 04:00:00+00:00,58.06999969482422,58.06999969482422,58.06999969482422,58.06999969482422,58.06999969482422,614,RVHL,2025-10
2025-10-14 04:10:00+00:00,59.22999954223633,59.22999954223633,59.22999954223633,59.22999954223633,59.22999954223633,200,RVHL,2025-10
2025-10-14 04:15:00+00:00,59.22999954223633,59.22999954223633,59.22999954223633,59.22999954223633,59.22999954223633,1560,RVHL,2025-10
2025-10-14 04:25:00+00:00,59.25,59.25,59.25,59.25,59.25,50,RVHL,2025-10
2025-10-14 04:40:00+00:00,60.0,60.0,60.0,60.0,60.0,101,RVHL,2025-10
2025-10-14 04:45:00+00:00,60.0,60.0,60.0,60.0,60.0,0,RVHL,2025-10
2025-10-14 04:50:00+00:00,61.20000076293945,61.20000076293945,61.20000076293945,61.20000076293945,61.20000076293945,835,RVHL,2025-10
2025-10-14 06:10:00+00:00,59.2599983215332,59.2599983215332,60.20000076293945,59.2599983215332,60.20000076293945,31,RVHL,2025-10
2025-10-14 06:20:00+00:00,59.2599983215332,59.2599983215332,59.2599983215332,59.2599983215332,59.2599983215332,1,RVHL,2025-10
2025-10-14 06:35:00+00:00,59.310001373291016,59.310001373291016,59.310001373291016,59.310001373291016,59.310001373291016,24,RVHL,2025-10
2025-10-14 07:15:00+00:00,59.34000015258789,59.34000015258789,59.34000015258789,59.34000015258789,59.34000015258789,3,RVHL,2025-10
2025-10-14 07:25:00+00:00,59.34000015258789,59.34000015258789,59.34000015258789,59.34000015258789,59.34000015258789,10,RVHL,2025-10
2025-10-14 07:40:00+00:00,59.34000015258789,59.34000015258789,59.34000015258789,59.34000015258789,59.34000015258789,1146,RVHL,2025-10
2025-10-14 07:45:00+00:00,59.25,59.25,59.310001373291016,59.25,59.310001373291016,1570,RVHL,2025-10
2025-10-14 07:55:00+00:00,59.25,59.25,59.25,59.25,59.25,33,RVHL,2025-10
2025-10-14 08:05:00+00:00,59.25,59.25,59.25,59.25,59.25,78,RVHL,2025-10
2025-10-14 08:20:00+00:00,59.9900016784668,59.9900016784668,59.9900016784668,59.9900016784668,59.9900016784668,461,RVHL,2025-10
2025-10-14 08:55:00+00:00,59.22999954223633,59.22999954223633,59.22999954223633,59.22999954223633,59.22999954223633,1001,RVHL,2025-10
2025-10-14 09:15:00+00:00,60.150001525878906,60.150001525878906,60.150001525878906,60.150001525878906,60.150001525878906,1,RVHL,2025-10
2025-10-14 09:25:00+00:00,60.0,60.0,60.0,60.0,60.0,7,RVHL,2025-10
2025-10-14 09:50:00+00:00,59.22999954223633,59.22999954223633,59.22999954223633,59.22999954223633,59.22999954223633,193,RVHL,2025-10
2025-10-15 03:45:00+00:00,57.52000045776367,57.52000045776367,62.150001525878906,57.52000045776367,62.150001525878906,0,RVHL,2025-10
2025-10-15 03:50:00+00:00,58.0,58.0,58.0,58.0,58.0,0,RVHL,2025-10
2025-10-15 04:10:00+00:00,58.04999923706055,58.04999923706055,58.04999923706055,58.0099983215332,58.0099983215332,401,RVHL,2025-10
2025-10-15 04:15:00+00:00,58.0099983215332,58.0099983215332,58.0099983215332,58.0,58.0,0,RVHL,2025-10
2025-10-15 04:20:00+00:00,58.0099983215332,58.0099983215332,58.0099983215332,58.0099983215332,58.0099983215332,883,RVHL,2025-10
2025-10-15 04:25:00+00:00,58.0099983215332,58.0099983215332,58.0099983215332,58.0099983215332,58.0099983215332,6226,RVHL,2025-10
2025-10-15 04:30:00+00:00,60.95000076293945,60.95000076293945,60.95000076293945,60.95000076293945,60.95000076293945,0,RVHL,2025-10
2025-10-15 04:40:00+00:00,60.650001525878906,60.650001525878906,60.650001525878906,60.650001525878906,60.650001525878906,10,RVHL,2025-10
2025-10-15 05:15:00+00:00,59.97999954223633,59.97999954223633,59.97999954223633,59.97999954223633,59.97999954223633,10,RVHL,2025-10
2025-10-15 05:55:00+00:00,58.0,58.0,58.0,58.0,58.0,996,RVHL,2025-10
2025-10-15 06:05:00+00:00,59.97999954223633,59.97999954223633,59.97999954223633,58.0099983215332,58.0099983215332,0,RVHL,2025-10
2025-10-15 06:50:00+00:00,58.0099983215332,58.0099983215332,58.0099983215332,58.0099983215332,58.0099983215332,1,RVHL,2025-10
2025-10-15 06:55:00+00:00,58.0,58.0,58.0099983215332,58.0,58.0099983215332,21,RVHL,2025-10
2025-10-15 07:00:00+00:00,58.0,58.0,58.0,58.0,58.0,0,RVHL,2025-10
2025-10-15 07:30:00+00:00,58.0,58.0,58.0,58.0,58.0,9,RVHL,2025-10
2025-10-15 07:35:00+00:00,58.0,58.0,58.0,58.0,58.0,2,RVHL,2025-10
2025-10-15 07:45:00+00:00,59.88999938964844,59.88999938964844,59.88999938964844,59.88999938964844,59.88999938964844,500,RVHL,2025-10
2025-10-15 08:20:00+00:00,59.88999938964844,59.88999938964844,59.88999938964844,59.88999938964844,59.88999938964844,500,RVHL,2025-10
2025-10-15 08:25:00+00:00,58.0099983215332,58.0099983215332,59.880001068115234,58.0099983215332,59.880001068115234,139,RVHL,2025-10
2025-10-15 08:35:00+00:00,58.0099983215332,58.0099983215332,58.0099983215332,58.0099983215332,58.0099983215332,56,RVHL,2025-10
2025-10-15 09:45:00+00:00,59.400001525878906,59.400001525878906,59.400001525878906,59.400001525878906,59.400001525878906,1,RVHL,2025-10
2025-10-15 09:50:00+00:00,58.0,58.0,58.0,58.0,58.0,2096,RVHL,2025-10
2025-10-15 09:55:00+00:00,58.47999954223633,58.47999954223633,59.400001525878906,58.47999954223633,59.400001525878906,783,RVHL,2025-10
2025-10-16 03:55:00+00:00,58.47999954223633,58.47999954223633,58.47999954223633,58.47999954223633,58.47999954223633,0,RVHL,2025-10
2025-10-16 04:10:00+00:00,58.47999954223633,58.47999954223633,58.47999954223633,58.47999954223633,58.47999954223633,202,RVHL,2025-10
2025-10-16 04:15:00+00:00,58.47999954223633,58.47999954223633,58.47999954223633,58.47999954223633,58.47999954223633,0,RVHL,2025-10
2025-10-16 04:20:00+00:00,58.47999954223633,58.47999954223633,58.47999954223633,58.47999954223633,58.47999954223633,0,RVHL,2025-10
2025-10-16 04:55:00+00:00,58.47999954223633,58.47999954223633,58.47999954223633,58.47999954223633,58.47999954223633,246,RVHL,2025-10
2025-10-16 05:00:00+00:00,58.47999954223633,58.47999954223633,58.47999954223633,58.47999954223633,58.47999954223633,37,RVHL,2025-10
2025-10-16 05:30:00+00:00,58.47999954223633,58.47999954223633,58.47999954223633,58.47999954223633,58.47999954223633,70,RVHL,2025-10
2025-10-16 06:35:00+00:00,58.0,58.0,58.47999954223633,58.0,58.47999954223633,1958,RVHL,2025-10
2025-10-16 06:40:00+00:00,57.0,57.0,57.54999923706055,57.0,57.54999923706055,2611,RVHL,2025-10
2025-10-16 06:45:00+00:00,57.0,57.0,57.0,56.59999847412109,57.0,4672,RVHL,2025-10
2025-10-16 06:50:00+00:00,57.0,57.0,57.0,56.619998931884766,57.0,4415,RVHL,2025-10
2025-10-16 07:00:00+00:00,56.650001525878906,56.650001525878906,60.0,56.650001525878906,58.900001525878906,3000,RVHL,2025-10
2025-10-16 07:05:00+00:00,59.0,59.0,59.0,59.0,59.0,13,RVHL,2025-10
2025-10-16 07:35:00+00:00,59.0,59.0,59.0,59.0,59.0,1020,RVHL,2025-10
2025-10-16 07:50:00+00:00,59.0,59.0,59.0,59.0,59.0,0,RVHL,2025-10
2025-10-16 08:35:00+00:00,58.5,58.5,58.5,58.5,58.5,1,RVHL,2025-10
2025-10-16 08:55:00+00:00,57.5,57.5,57.5,57.5,57.5,7,RVHL,2025-10
2025-10-16 09:10:00+00:00,58.0,58.0,58.0,58.0,58.0,5,RVHL,2025-10
2025-10-16 09:25:00+00:00,57.2599983215332,57.2599983215332,57.2599983215332,57.2599983215332,57.2599983215332,450,RVHL,2025-10
2025-10-16 09:30:00+00:00,57.25,57.25,57.25,57.25,57.25,651,RVHL,2025-10
2025-10-16 09:35:00+00:00,57.5,57.5,57.5,57.5,57.5,0,RVHL,2025-10
2025-10-16 09:40:00+00:00,56.79999923706055,56.79999923706055,56.79999923706055,56.79999923706055,56.79999923706055,1967,RVHL,2025-10
2025-10-16 09:50:00+00:00,58.4900016784668,58.4900016784668,58.4900016784668,58.4900016784668,58.4900016784668,2,RVHL,2025-10
2025-10-16 09:55:00+00:00,56.75,56.75,56.75,56.75,56.75,1046,RVHL,2025-10
2025-10-17 03:45:00+00:00,56.97999954223633,56.97999954223633,56.97999954223633,56.97999954223633,56.97999954223633,0,RVHL,2025-10
2025-10-17 03:55:00+00:00,56.97999954223633,56.97999954223633,56.97999954223633,56.97999954223633,56.97999954223633,30,RVHL,2025-10
2025-10-17 04:00:00+00:00,56.97999954223633,56.97999954223633,56.97999954223633,56.97999954223633,56.97999954223633,215,RVHL,2025-10
2025-10-17 04:05:00+00:00,56.97999954223633,56.97999954223633,56.97999954223633,56.97999954223633,56.97999954223633,10,RVHL,2025-10
2025-10-17 04:25:00+00:00,56.970001220703125,56.970001220703125,56.970001220703125,56.970001220703125,56.970001220703125,13,RVHL,2025-10
2025-10-17 04:45:00+00:00,56.970001220703125,56.970001220703125,56.970001220703125,56.970001220703125,56.970001220703125,250,RVHL,2025-10
2025-10-17 05:50:00+00:00,56.97999954223633,56.97999954223633,56.97999954223633,56.97999954223633,56.97999954223633,1270,RVHL,2025-10
2025-10-17 06:50:00+00:00,56.5,56.5,56.97999954223633,56.5,56.97999954223633,80,RVHL,2025-10
2025-10-17 07:25:00+00:00,57.29999923706055,57.29999923706055,57.29999923706055,56.97999954223633,56.97999954223633,117,RVHL,2025-10
2025-10-17 07:30:00+00:00,57.29999923706055,57.29999923706055,57.29999923706055,57.29999923706055,57.29999923706055,193,RVHL,2025-10
2025-10-17 07:35:00+00:00,55.09999847412109,55.09999847412109,57.29999923706055,55.09999847412109,57.29999923706055,913,RVHL,2025-10
2025-10-17 08:05:00+00:00,56.0,56.0,56.0,56.0,56.0,1000,RVHL,2025-10
2025-10-17 08:10:00+00:00,55.09999847412109,55.09999847412109,55.09999847412109,55.09999847412109,55.09999847412109,0,RVHL,2025-10
2025-10-17 08:25:00+00:00,56.0,56.0,56.0,56.0,56.0,20,RVHL,2025-10
2025-10-17 08:35:00+00:00,55.09999847412109,55.09999847412109,55.09999847412109,55.09999847412109,55.09999847412109,15,RVHL,2025-10
2025-10-17 08:45:00+00:00,55.09999847412109,55.09999847412109,55.09999847412109,55.09999847412109,55.09999847412109,50,RVHL,2025-10
2025-10-17 08:50:00+00:00,55.09999847412109,55.09999847412109,55.09999847412109,55.09999847412109,55.09999847412109,110,RVHL,2025-10
2025-10-17 08:55:00+00:00,56.0,56.0,56.0,56.0,56.0,3395,RVHL,2025-10
2025-10-17 09:00:00+00:00,56.0,56.0,56.0,56.0,56.0,9390,RVHL,2025-10
2025-10-17 09:05:00+00:00,55.5,55.5,55.5,55.5,55.5,0,RVHL,2025-10
2025-10-17 09:15:00+00:00,55.5,55.5,55.5,55.5,55.5,2,RVHL,2025-10
2025-10-17 09:20:00+00:00,55.5,55.5,56.0,55.5,56.0,1039,RVHL,2025-10
2025-10-17 09:25:00+00:00,56.0,56.0,56.0,56.0,56.0,5213,RVHL,2025-10
2025-10-17 09:50:00+00:00,56.0,56.0,56.0,56.0,56.0,180,RVHL,2025-10
2025-10-17 09:55:00+00:00,56.90999984741211,56.90999984741211,57.0,56.90999984741211,57.0,2000,RVHL,2025-10
2025-10-20 03:45:00+00:00,57.0,57.0,57.0,57.0,57.0,0,RVHL,2025-10
2025-10-20 03:50:00+00:00,57.0,57.0,57.0,57.0,57.0,0,RVHL,2025-10
2025-10-20 03:55:00+00:00,55.59999847412109,55.59999847412109,56.20000076293945,54.61000061035156,56.20000076293945,2152,RVHL,2025-10
2025-10-20 04:00:00+00:00,55.59999847412109,55.59999847412109,55.59999847412109,55.59999847412109,55.59999847412109,299,RVHL,2025-10
2025-10-20 04:10:00+00:00,55.59999847412109,55.59999847412109,55.70000076293945,55.59999847412109,55.70000076293945,342,RVHL,2025-10
2025-10-20 04:20:00+00:00,57.0,57.0,57.0,56.709999084472656,56.709999084472656,382,RVHL,2025-10
2025-10-20 04:30:00+00:00,56.95000076293945,56.95000076293945,56.95000076293945,56.95000076293945,56.95000076293945,8,RVHL,2025-10
2025-10-20 04:35:00+00:00,56.5,56.5,56.5,56.5,56.5,200,RVHL,2025-10
2025-10-20 04:40:00+00:00,57.0,57.0,57.0,57.0,57.0,8003,RVHL,2025-10
2025-10-20 04:45:00+00:00,55.59999847412109,55.59999847412109,55.59999847412109,55.59999847412109,55.59999847412109,0,RVHL,2025-10
2025-10-20 04:50:00+00:00,55.0,55.0,55.59999847412109,55.0,55.59999847412109,1400,RVHL,2025-10
2025-10-20 05:10:00+00:00,55.0,55.0,55.0,55.0,55.0,900,RVHL,2025-10
2025-10-20 05:20:00+00:00,55.0099983215332,55.0099983215332,55.0099983215332,55.0099983215332,55.0099983215332,20,RVHL,2025-10
2025-10-20 06:15:00+00:00,56.0,56.0,56.0,56.0,56.0,921,RVHL,2025-10
2025-10-20 07:20:00+00:00,55.5099983215332,55.5099983215332,55.5099983215332,55.5099983215332,55.5099983215332,600,RVHL,2025-10
2025-10-20 07:30:00+00:00,55.5099983215332,55.5099983215332,55.5099983215332,55.5099983215332,55.5099983215332,0,RVHL,2025-10
2025-10-20 07:40:00+00:00,55.5099983215332,55.5099983215332,55.5099983215332,55.5099983215332,55.5099983215332,226,RVHL,2025-10
2025-10-20 07:45:00+00:00,55.29999923706055,55.29999923706055,55.29999923706055,55.29999923706055,55.29999923706055,0,RVHL,2025-10
2025-10-20 07:50:00+00:00,56.0,56.0,56.0,56.0,56.0,289,RVHL,2025-10
2025-10-20 08:40:00+00:00,56.97999954223633,56.97999954223633,56.97999954223633,56.97999954223633,56.97999954223633,400,RVHL,2025-10
2025-10-20 08:45:00+00:00,56.97999954223633,56.97999954223633,56.97999954223633,56.97999954223633,56.97999954223633,0,RVHL,2025-10
2025-10-20 09:35:00+00:00,56.900001525878906,56.900001525878906,56.900001525878906,56.900001525878906,56.900001525878906,352,RVHL,2025-10
2025-10-20 09:40:00+00:00,55.5099983215332,55.5099983215332,56.0,55.5099983215332,56.0,970,RVHL,2025-10
2025-10-20 09:45:00+00:00,56.70000076293945,56.70000076293945,56.70000076293945,56.70000076293945,56.70000076293945,830,RVHL,2025-10
